 0.000	  1.50	  0.00
 0.001	  1.50	 -0.01
 0.002	  1.50	 -0.03
 0.003	  1.50	 -0.04
 0.004	  1.50	 -0.06
 0.005	  1.50	 -0.07
 0.006	  1.50	 -0.09
 0.007	  1.50	 -0.10
 0.008	  1.50	 -0.12
 0.009	  1.50	 -0.13
 0.010	  1.50	 -0.15
 0.011	  1.50	 -0.16
 0.012	  1.50	 -0.18
 0.013	  1.50	 -0.19
 0.014	  1.49	 -0.21
 0.015	  1.49	 -0.22
 0.016	  1.49	 -0.24
 0.017	  1.49	 -0.25
 0.018	  1.49	 -0.27
 0.019	  1.49	 -0.28
 0.020	  1.49	 -0.30
 0.021	  1.49	 -0.31
 0.022	  1.49	 -0.33
 0.023	  1.49	 -0.34
 0.024	  1.49	 -0.36
 0.025	  1.49	 -0.37
 0.026	  1.49	 -0.39
 0.027	  1.49	 -0.40
 0.028	  1.49	 -0.42
 0.029	  1.49	 -0.43
 0.030	  1.49	 -0.45
 0.031	  1.49	 -0.46
 0.032	  1.49	 -0.48
 0.033	  1.49	 -0.49
 0.034	  1.49	 -0.51
 0.035	  1.49	 -0.52
 0.036	  1.49	 -0.53
 0.037	  1.49	 -0.55
 0.038	  1.49	 -0.56
 0.039	  1.49	 -0.58
 0.040	  1.48	 -0.59
 0.041	  1.48	 -0.61
 0.042	  1.48	 -0.62
 0.043	  1.48	 -0.64
 0.044	  1.48	 -0.65
 0.045	  1.48	 -0.66
 0.046	  1.48	 -0.68
 0.047	  1.48	 -0.69
 0.048	  1.48	 -0.71
 0.049	  1.48	 -0.72
 0.050	  1.48	 -0.74
 0.051	  1.48	 -0.75
 0.052	  1.48	 -0.76
 0.053	  1.48	 -0.78
 0.054	  1.47	 -0.79
 0.055	  1.47	 -0.81
 0.056	  1.47	 -0.82
 0.057	  1.47	 -0.83
 0.058	  1.47	 -0.85
 0.059	  1.47	 -0.86
 0.060	  1.47	 -0.87
 0.061	  1.47	 -0.89
 0.062	  1.47	 -0.90
 0.063	  1.47	 -0.92
 0.064	  1.47	 -0.93
 0.065	  1.47	 -0.94
 0.066	  1.46	 -0.96
 0.067	  1.46	 -0.97
 0.068	  1.46	 -0.98
 0.069	  1.46	 -1.00
 0.070	  1.46	 -1.01
 0.071	  1.46	 -1.02
 0.072	  1.46	 -1.04
 0.073	  1.46	 -1.05
 0.074	  1.46	 -1.06
 0.075	  1.46	 -1.07
 0.076	  1.45	 -1.09
 0.077	  1.45	 -1.10
 0.078	  1.45	 -1.11
 0.079	  1.45	 -1.13
 0.080	  1.45	 -1.14
 0.081	  1.45	 -1.15
 0.082	  1.45	 -1.16
 0.083	  1.45	 -1.18
 0.084	  1.45	 -1.19
 0.085	  1.44	 -1.20
 0.086	  1.44	 -1.21
 0.087	  1.44	 -1.23
 0.088	  1.44	 -1.24
 0.089	  1.44	 -1.25
 0.090	  1.44	 -1.26
 0.091	  1.44	 -1.28
 0.092	  1.44	 -1.29
 0.093	  1.43	 -1.30
 0.094	  1.43	 -1.31
 0.095	  1.43	 -1.32
 0.096	  1.43	 -1.34
 0.097	  1.43	 -1.35
 0.098	  1.43	 -1.36
 0.099	  1.43	 -1.37
 0.100	  1.42	 -1.38
 0.101	  1.42	 -1.39
 0.102	  1.42	 -1.40
 0.103	  1.42	 -1.42
 0.104	  1.42	 -1.43
 0.105	  1.42	 -1.44
 0.106	  1.42	 -1.45
 0.107	  1.41	 -1.46
 0.108	  1.41	 -1.47
 0.109	  1.41	 -1.48
 0.110	  1.41	 -1.49
 0.111	  1.41	 -1.50
 0.112	  1.41	 -1.51
 0.113	  1.41	 -1.52
 0.114	  1.40	 -1.54
 0.115	  1.40	 -1.55
 0.116	  1.40	 -1.56
 0.117	  1.40	 -1.57
 0.118	  1.40	 -1.58
 0.119	  1.40	 -1.59
 0.120	  1.40	 -1.60
 0.121	  1.39	 -1.61
 0.122	  1.39	 -1.62
 0.123	  1.39	 -1.63
 0.124	  1.39	 -1.64
 0.125	  1.39	 -1.65
 0.126	  1.39	 -1.65
 0.127	  1.38	 -1.66
 0.128	  1.38	 -1.67
 0.129	  1.38	 -1.68
 0.130	  1.38	 -1.69
 0.131	  1.38	 -1.70
 0.132	  1.38	 -1.71
 0.133	  1.37	 -1.72
 0.134	  1.37	 -1.73
 0.135	  1.37	 -1.74
 0.136	  1.37	 -1.75
 0.137	  1.37	 -1.75
 0.138	  1.36	 -1.76
 0.139	  1.36	 -1.77
 0.140	  1.36	 -1.78
 0.141	  1.36	 -1.79
 0.142	  1.36	 -1.80
 0.143	  1.36	 -1.80
 0.144	  1.35	 -1.81
 0.145	  1.35	 -1.82
 0.146	  1.35	 -1.83
 0.147	  1.35	 -1.84
 0.148	  1.35	 -1.84
 0.149	  1.35	 -1.85
 0.150	  1.34	 -1.86
 0.151	  1.34	 -1.87
 0.152	  1.34	 -1.87
 0.153	  1.34	 -1.88
 0.154	  1.34	 -1.89
 0.155	  1.33	 -1.89
 0.156	  1.33	 -1.90
 0.157	  1.33	 -1.91
 0.158	  1.33	 -1.91
 0.159	  1.33	 -1.92
 0.160	  1.32	 -1.93
 0.161	  1.32	 -1.93
 0.162	  1.32	 -1.94
 0.163	  1.32	 -1.95
 0.164	  1.32	 -1.95
 0.165	  1.31	 -1.96
 0.166	  1.31	 -1.96
 0.167	  1.31	 -1.97
 0.168	  1.31	 -1.98
 0.169	  1.31	 -1.98
 0.170	  1.30	 -1.99
 0.171	  1.30	 -1.99
 0.172	  1.30	 -2.00
 0.173	  1.30	 -2.00
 0.174	  1.30	 -2.01
 0.175	  1.29	 -2.01
 0.176	  1.29	 -2.02
 0.177	  1.29	 -2.02
 0.178	  1.29	 -2.03
 0.179	  1.29	 -2.03
 0.180	  1.28	 -2.04
 0.181	  1.28	 -2.04
 0.182	  1.28	 -2.05
 0.183	  1.28	 -2.05
 0.184	  1.28	 -2.05
 0.185	  1.27	 -2.06
 0.186	  1.27	 -2.06
 0.187	  1.27	 -2.07
 0.188	  1.27	 -2.07
 0.189	  1.27	 -2.07
 0.190	  1.26	 -2.08
 0.191	  1.26	 -2.08
 0.192	  1.26	 -2.08
 0.193	  1.26	 -2.09
 0.194	  1.26	 -2.09
 0.195	  1.25	 -2.09
 0.196	  1.25	 -2.10
 0.197	  1.25	 -2.10
 0.198	  1.25	 -2.10
 0.199	  1.25	 -2.10
 0.200	  1.24	 -2.11
 0.201	  1.24	 -2.11
 0.202	  1.24	 -2.11
 0.203	  1.24	 -2.11
 0.204	  1.23	 -2.11
 0.205	  1.23	 -2.12
 0.206	  1.23	 -2.12
 0.207	  1.23	 -2.12
 0.208	  1.23	 -2.12
 0.209	  1.22	 -2.12
 0.210	  1.22	 -2.12
 0.211	  1.22	 -2.13
 0.212	  1.22	 -2.13
 0.213	  1.22	 -2.13
 0.214	  1.21	 -2.13
 0.215	  1.21	 -2.13
 0.216	  1.21	 -2.13
 0.217	  1.21	 -2.13
 0.218	  1.21	 -2.13
 0.219	  1.20	 -2.13
 0.220	  1.20	 -2.13
 0.221	  1.20	 -2.13
 0.222	  1.20	 -2.13
 0.223	  1.19	 -2.13
 0.224	  1.19	 -2.13
 0.225	  1.19	 -2.13
 0.226	  1.19	 -2.13
 0.227	  1.19	 -2.13
 0.228	  1.18	 -2.13
 0.229	  1.18	 -2.13
 0.230	  1.18	 -2.13
 0.231	  1.18	 -2.13
 0.232	  1.18	 -2.13
 0.233	  1.17	 -2.13
 0.234	  1.17	 -2.13
 0.235	  1.17	 -2.13
 0.236	  1.17	 -2.12
 0.237	  1.16	 -2.12
 0.238	  1.16	 -2.12
 0.239	  1.16	 -2.12
 0.240	  1.16	 -2.12
 0.241	  1.16	 -2.12
 0.242	  1.15	 -2.11
 0.243	  1.15	 -2.11
 0.244	  1.15	 -2.11
 0.245	  1.15	 -2.11
 0.246	  1.15	 -2.10
 0.247	  1.14	 -2.10
 0.248	  1.14	 -2.10
 0.249	  1.14	 -2.10
 0.250	  1.14	 -2.09
 0.251	  1.14	 -2.09
 0.252	  1.13	 -2.09
 0.253	  1.13	 -2.08
 0.254	  1.13	 -2.08
 0.255	  1.13	 -2.08
 0.256	  1.12	 -2.07
 0.257	  1.12	 -2.07
 0.258	  1.12	 -2.07
 0.259	  1.12	 -2.06
 0.260	  1.12	 -2.06
 0.261	  1.11	 -2.06
 0.262	  1.11	 -2.05
 0.263	  1.11	 -2.05
 0.264	  1.11	 -2.04
 0.265	  1.11	 -2.04
 0.266	  1.10	 -2.03
 0.267	  1.10	 -2.03
 0.268	  1.10	 -2.02
 0.269	  1.10	 -2.02
 0.270	  1.10	 -2.01
 0.271	  1.09	 -2.01
 0.272	  1.09	 -2.00
 0.273	  1.09	 -2.00
 0.274	  1.09	 -1.99
 0.275	  1.09	 -1.99
 0.276	  1.08	 -1.98
 0.277	  1.08	 -1.98
 0.278	  1.08	 -1.97
 0.279	  1.08	 -1.97
 0.280	  1.08	 -1.96
 0.281	  1.07	 -1.95
 0.282	  1.07	 -1.95
 0.283	  1.07	 -1.94
 0.284	  1.07	 -1.94
 0.285	  1.07	 -1.93
 0.286	  1.06	 -1.92
 0.287	  1.06	 -1.92
 0.288	  1.06	 -1.91
 0.289	  1.06	 -1.90
 0.290	  1.06	 -1.90
 0.291	  1.05	 -1.89
 0.292	  1.05	 -1.88
 0.293	  1.05	 -1.87
 0.294	  1.05	 -1.87
 0.295	  1.05	 -1.86
 0.296	  1.05	 -1.85
 0.297	  1.04	 -1.84
 0.298	  1.04	 -1.84
 0.299	  1.04	 -1.83
 0.300	  1.04	 -1.82
 0.301	  1.04	 -1.81
 0.302	  1.03	 -1.81
 0.303	  1.03	 -1.80
 0.304	  1.03	 -1.79
 0.305	  1.03	 -1.78
 0.306	  1.03	 -1.77
 0.307	  1.03	 -1.76
 0.308	  1.02	 -1.76
 0.309	  1.02	 -1.75
 0.310	  1.02	 -1.74
 0.311	  1.02	 -1.73
 0.312	  1.02	 -1.72
 0.313	  1.02	 -1.71
 0.314	  1.01	 -1.70
 0.315	  1.01	 -1.69
 0.316	  1.01	 -1.68
 0.317	  1.01	 -1.68
 0.318	  1.01	 -1.67
 0.319	  1.00	 -1.66
 0.320	  1.00	 -1.65
 0.321	  1.00	 -1.64
 0.322	  1.00	 -1.63
 0.323	  1.00	 -1.62
 0.324	  1.00	 -1.61
 0.325	  1.00	 -1.60
 0.326	  0.99	 -1.59
 0.327	  0.99	 -1.58
 0.328	  0.99	 -1.57
 0.329	  0.99	 -1.56
 0.330	  0.99	 -1.55
 0.331	  0.99	 -1.54
 0.332	  0.98	 -1.53
 0.333	  0.98	 -1.51
 0.334	  0.98	 -1.50
 0.335	  0.98	 -1.49
 0.336	  0.98	 -1.48
 0.337	  0.98	 -1.47
 0.338	  0.98	 -1.46
 0.339	  0.97	 -1.45
 0.340	  0.97	 -1.44
 0.341	  0.97	 -1.43
 0.342	  0.97	 -1.42
 0.343	  0.97	 -1.40
 0.344	  0.97	 -1.39
 0.345	  0.97	 -1.38
 0.346	  0.96	 -1.37
 0.347	  0.96	 -1.36
 0.348	  0.96	 -1.35
 0.349	  0.96	 -1.34
 0.350	  0.96	 -1.32
 0.351	  0.96	 -1.31
 0.352	  0.96	 -1.30
 0.353	  0.95	 -1.29
 0.354	  0.95	 -1.28
 0.355	  0.95	 -1.26
 0.356	  0.95	 -1.25
 0.357	  0.95	 -1.24
 0.358	  0.95	 -1.23
 0.359	  0.95	 -1.21
 0.360	  0.95	 -1.20
 0.361	  0.94	 -1.19
 0.362	  0.94	 -1.18
 0.363	  0.94	 -1.16
 0.364	  0.94	 -1.15
 0.365	  0.94	 -1.14
 0.366	  0.94	 -1.13
 0.367	  0.94	 -1.11
 0.368	  0.94	 -1.10
 0.369	  0.94	 -1.09
 0.370	  0.93	 -1.07
 0.371	  0.93	 -1.06
 0.372	  0.93	 -1.05
 0.373	  0.93	 -1.03
 0.374	  0.93	 -1.02
 0.375	  0.93	 -1.01
 0.376	  0.93	 -0.99
 0.377	  0.93	 -0.98
 0.378	  0.93	 -0.97
 0.379	  0.93	 -0.95
 0.380	  0.92	 -0.94
 0.381	  0.92	 -0.93
 0.382	  0.92	 -0.91
 0.383	  0.92	 -0.90
 0.384	  0.92	 -0.89
 0.385	  0.92	 -0.87
 0.386	  0.92	 -0.86
 0.387	  0.92	 -0.84
 0.388	  0.92	 -0.83
 0.389	  0.92	 -0.82
 0.390	  0.92	 -0.80
 0.391	  0.91	 -0.79
 0.392	  0.91	 -0.77
 0.393	  0.91	 -0.76
 0.394	  0.91	 -0.75
 0.395	  0.91	 -0.73
 0.396	  0.91	 -0.72
 0.397	  0.91	 -0.70
 0.398	  0.91	 -0.69
 0.399	  0.91	 -0.67
 0.400	  0.91	 -0.66
 0.401	  0.91	 -0.65
 0.402	  0.91	 -0.63
 0.403	  0.91	 -0.62
 0.404	  0.91	 -0.60
 0.405	  0.90	 -0.59
 0.406	  0.90	 -0.57
 0.407	  0.90	 -0.56
 0.408	  0.90	 -0.54
 0.409	  0.90	 -0.53
 0.410	  0.90	 -0.51
 0.411	  0.90	 -0.50
 0.412	  0.90	 -0.49
 0.413	  0.90	 -0.47
 0.414	  0.90	 -0.46
 0.415	  0.90	 -0.44
 0.416	  0.90	 -0.43
 0.417	  0.90	 -0.41
 0.418	  0.90	 -0.40
 0.419	  0.90	 -0.38
 0.420	  0.90	 -0.37
 0.421	  0.90	 -0.35
 0.422	  0.90	 -0.34
 0.423	  0.90	 -0.32
 0.424	  0.90	 -0.31
 0.425	  0.90	 -0.29
 0.426	  0.90	 -0.28
 0.427	  0.90	 -0.26
 0.428	  0.89	 -0.25
 0.429	  0.89	 -0.23
 0.430	  0.89	 -0.22
 0.431	  0.89	 -0.20
 0.432	  0.89	 -0.19
 0.433	  0.89	 -0.17
 0.434	  0.89	 -0.16
 0.435	  0.89	 -0.14
 0.436	  0.89	 -0.13
 0.437	  0.89	 -0.11
 0.438	  0.89	 -0.10
 0.439	  0.89	 -0.08
 0.440	  0.89	 -0.07
 0.441	  0.89	 -0.05
 0.442	  0.89	 -0.03
 0.443	  0.89	 -0.02
 0.444	  0.89	 -0.00
 0.445	  0.89	  0.01
 0.446	  0.89	  0.03
 0.447	  0.89	  0.04
 0.448	  0.89	  0.06
 0.449	  0.89	  0.07
 0.450	  0.89	  0.09
 0.451	  0.89	  0.10
 0.452	  0.89	  0.12
 0.453	  0.89	  0.13
 0.454	  0.89	  0.15
 0.455	  0.89	  0.16
 0.456	  0.89	  0.18
 0.457	  0.89	  0.19
 0.458	  0.89	  0.21
 0.459	  0.89	  0.22
 0.460	  0.89	  0.24
 0.461	  0.89	  0.25
 0.462	  0.90	  0.27
 0.463	  0.90	  0.28
 0.464	  0.90	  0.30
 0.465	  0.90	  0.31
 0.466	  0.90	  0.33
 0.467	  0.90	  0.34
 0.468	  0.90	  0.36
 0.469	  0.90	  0.37
 0.470	  0.90	  0.39
 0.471	  0.90	  0.40
 0.472	  0.90	  0.42
 0.473	  0.90	  0.43
 0.474	  0.90	  0.45
 0.475	  0.90	  0.46
 0.476	  0.90	  0.48
 0.477	  0.90	  0.49
 0.478	  0.90	  0.51
 0.479	  0.90	  0.52
 0.480	  0.90	  0.54
 0.481	  0.90	  0.55
 0.482	  0.90	  0.57
 0.483	  0.90	  0.58
 0.484	  0.90	  0.59
 0.485	  0.91	  0.61
 0.486	  0.91	  0.62
 0.487	  0.91	  0.64
 0.488	  0.91	  0.65
 0.489	  0.91	  0.67
 0.490	  0.91	  0.68
 0.491	  0.91	  0.70
 0.492	  0.91	  0.71
 0.493	  0.91	  0.73
 0.494	  0.91	  0.74
 0.495	  0.91	  0.75
 0.496	  0.91	  0.77
 0.497	  0.91	  0.78
 0.498	  0.91	  0.80
 0.499	  0.91	  0.81
 0.500	  0.92	  0.82
 0.501	  0.92	  0.84
 0.502	  0.92	  0.85
 0.503	  0.92	  0.87
 0.504	  0.92	  0.88
 0.505	  0.92	  0.89
 0.506	  0.92	  0.91
 0.507	  0.92	  0.92
 0.508	  0.92	  0.94
 0.509	  0.92	  0.95
 0.510	  0.92	  0.96
 0.511	  0.93	  0.98
 0.512	  0.93	  0.99
 0.513	  0.93	  1.00
 0.514	  0.93	  1.02
 0.515	  0.93	  1.03
 0.516	  0.93	  1.04
 0.517	  0.93	  1.06
 0.518	  0.93	  1.07
 0.519	  0.93	  1.08
 0.520	  0.93	  1.10
 0.521	  0.94	  1.11
 0.522	  0.94	  1.12
 0.523	  0.94	  1.14
 0.524	  0.94	  1.15
 0.525	  0.94	  1.16
 0.526	  0.94	  1.17
 0.527	  0.94	  1.19
 0.528	  0.94	  1.20
 0.529	  0.95	  1.21
 0.530	  0.95	  1.22
 0.531	  0.95	  1.24
 0.532	  0.95	  1.25
 0.533	  0.95	  1.26
 0.534	  0.95	  1.27
 0.535	  0.95	  1.29
 0.536	  0.95	  1.30
 0.537	  0.96	  1.31
 0.538	  0.96	  1.32
 0.539	  0.96	  1.33
 0.540	  0.96	  1.35
 0.541	  0.96	  1.36
 0.542	  0.96	  1.37
 0.543	  0.96	  1.38
 0.544	  0.96	  1.39
 0.545	  0.97	  1.41
 0.546	  0.97	  1.42
 0.547	  0.97	  1.43
 0.548	  0.97	  1.44
 0.549	  0.97	  1.45
 0.550	  0.97	  1.46
 0.551	  0.97	  1.47
 0.552	  0.98	  1.48
 0.553	  0.98	  1.50
 0.554	  0.98	  1.51
 0.555	  0.98	  1.52
 0.556	  0.98	  1.53
 0.557	  0.98	  1.54
 0.558	  0.99	  1.55
 0.559	  0.99	  1.56
 0.560	  0.99	  1.57
 0.561	  0.99	  1.58
 0.562	  0.99	  1.59
 0.563	  0.99	  1.60
 0.564	  0.99	  1.61
 0.565	  1.00	  1.62
 0.566	  1.00	  1.63
 0.567	  1.00	  1.64
 0.568	  1.00	  1.65
 0.569	  1.00	  1.66
 0.570	  1.00	  1.67
 0.571	  1.01	  1.68
 0.572	  1.01	  1.69
 0.573	  1.01	  1.70
 0.574	  1.01	  1.71
 0.575	  1.01	  1.72
 0.576	  1.01	  1.73
 0.577	  1.02	  1.74
 0.578	  1.02	  1.74
 0.579	  1.02	  1.75
 0.580	  1.02	  1.76
 0.581	  1.02	  1.77
 0.582	  1.03	  1.78
 0.583	  1.03	  1.79
 0.584	  1.03	  1.80
 0.585	  1.03	  1.81
 0.586	  1.03	  1.81
 0.587	  1.03	  1.82
 0.588	  1.04	  1.83
 0.589	  1.04	  1.84
 0.590	  1.04	  1.85
 0.591	  1.04	  1.85
 0.592	  1.04	  1.86
 0.593	  1.05	  1.87
 0.594	  1.05	  1.88
 0.595	  1.05	  1.88
 0.596	  1.05	  1.89
 0.597	  1.05	  1.90
 0.598	  1.05	  1.91
 0.599	  1.06	  1.91
 0.600	  1.06	  1.92
 0.601	  1.06	  1.93
 0.602	  1.06	  1.93
 0.603	  1.06	  1.94
 0.604	  1.07	  1.95
 0.605	  1.07	  1.95
 0.606	  1.07	  1.96
 0.607	  1.07	  1.97
 0.608	  1.07	  1.97
 0.609	  1.08	  1.98
 0.610	  1.08	  1.98
 0.611	  1.08	  1.99
 0.612	  1.08	  2.00
 0.613	  1.08	  2.00
 0.614	  1.09	  2.01
 0.615	  1.09	  2.01
 0.616	  1.09	  2.02
 0.617	  1.09	  2.02
 0.618	  1.09	  2.03
 0.619	  1.10	  2.03
 0.620	  1.10	  2.04
 0.621	  1.10	  2.04
 0.622	  1.10	  2.05
 0.623	  1.10	  2.05
 0.624	  1.11	  2.06
 0.625	  1.11	  2.06
 0.626	  1.11	  2.07
 0.627	  1.11	  2.07
 0.628	  1.11	  2.08
 0.629	  1.12	  2.08
 0.630	  1.12	  2.08
 0.631	  1.12	  2.09
 0.632	  1.12	  2.09
 0.633	  1.12	  2.10
 0.634	  1.13	  2.10
 0.635	  1.13	  2.10
 0.636	  1.13	  2.11
 0.637	  1.13	  2.11
 0.638	  1.14	  2.11
 0.639	  1.14	  2.12
 0.640	  1.14	  2.12
 0.641	  1.14	  2.12
 0.642	  1.14	  2.12
 0.643	  1.15	  2.13
 0.644	  1.15	  2.13
 0.645	  1.15	  2.13
 0.646	  1.15	  2.13
 0.647	  1.15	  2.14
 0.648	  1.16	  2.14
 0.649	  1.16	  2.14
 0.650	  1.16	  2.14
 0.651	  1.16	  2.14
 0.652	  1.17	  2.14
 0.653	  1.17	  2.15
 0.654	  1.17	  2.15
 0.655	  1.17	  2.15
 0.656	  1.17	  2.15
 0.657	  1.18	  2.15
 0.658	  1.18	  2.15
 0.659	  1.18	  2.15
 0.660	  1.18	  2.15
 0.661	  1.18	  2.16
 0.662	  1.19	  2.16
 0.663	  1.19	  2.16
 0.664	  1.19	  2.16
 0.665	  1.19	  2.16
 0.666	  1.20	  2.16
 0.667	  1.20	  2.16
 0.668	  1.20	  2.16
 0.669	  1.20	  2.16
 0.670	  1.20	  2.16
 0.671	  1.21	  2.16
 0.672	  1.21	  2.16
 0.673	  1.21	  2.15
 0.674	  1.21	  2.15
 0.675	  1.21	  2.15
 0.676	  1.22	  2.15
 0.677	  1.22	  2.15
 0.678	  1.22	  2.15
 0.679	  1.22	  2.15
 0.680	  1.23	  2.15
 0.681	  1.23	  2.15
 0.682	  1.23	  2.14
 0.683	  1.23	  2.14
 0.684	  1.23	  2.14
 0.685	  1.24	  2.14
 0.686	  1.24	  2.14
 0.687	  1.24	  2.14
 0.688	  1.24	  2.13
 0.689	  1.24	  2.13
 0.690	  1.25	  2.13
 0.691	  1.25	  2.13
 0.692	  1.25	  2.12
 0.693	  1.25	  2.12
 0.694	  1.26	  2.12
 0.695	  1.26	  2.11
 0.696	  1.26	  2.11
 0.697	  1.26	  2.11
 0.698	  1.26	  2.11
 0.699	  1.27	  2.10
 0.700	  1.27	  2.10
 0.701	  1.27	  2.09
 0.702	  1.27	  2.09
 0.703	  1.27	  2.09
 0.704	  1.28	  2.08
 0.705	  1.28	  2.08
 0.706	  1.28	  2.08
 0.707	  1.28	  2.07
 0.708	  1.28	  2.07
 0.709	  1.29	  2.06
 0.710	  1.29	  2.06
 0.711	  1.29	  2.05
 0.712	  1.29	  2.05
 0.713	  1.29	  2.04
 0.714	  1.30	  2.04
 0.715	  1.30	  2.03
 0.716	  1.30	  2.03
 0.717	  1.30	  2.02
 0.718	  1.31	  2.02
 0.719	  1.31	  2.01
 0.720	  1.31	  2.01
 0.721	  1.31	  2.00
 0.722	  1.31	  2.00
 0.723	  1.32	  1.99
 0.724	  1.32	  1.98
 0.725	  1.32	  1.98
 0.726	  1.32	  1.97
 0.727	  1.32	  1.97
 0.728	  1.33	  1.96
 0.729	  1.33	  1.95
 0.730	  1.33	  1.95
 0.731	  1.33	  1.94
 0.732	  1.33	  1.93
 0.733	  1.33	  1.93
 0.734	  1.34	  1.92
 0.735	  1.34	  1.91
 0.736	  1.34	  1.90
 0.737	  1.34	  1.90
 0.738	  1.34	  1.89
 0.739	  1.35	  1.88
 0.740	  1.35	  1.88
 0.741	  1.35	  1.87
 0.742	  1.35	  1.86
 0.743	  1.35	  1.85
 0.744	  1.36	  1.84
 0.745	  1.36	  1.84
 0.746	  1.36	  1.83
 0.747	  1.36	  1.82
 0.748	  1.36	  1.81
 0.749	  1.36	  1.80
 0.750	  1.37	  1.80
 0.751	  1.37	  1.79
 0.752	  1.37	  1.78
 0.753	  1.37	  1.77
 0.754	  1.37	  1.76
 0.755	  1.38	  1.75
 0.756	  1.38	  1.74
 0.757	  1.38	  1.73
 0.758	  1.38	  1.72
 0.759	  1.38	  1.72
 0.760	  1.38	  1.71
 0.761	  1.39	  1.70
 0.762	  1.39	  1.69
 0.763	  1.39	  1.68
 0.764	  1.39	  1.67
 0.765	  1.39	  1.66
 0.766	  1.39	  1.65
 0.767	  1.40	  1.64
 0.768	  1.40	  1.63
 0.769	  1.40	  1.62
 0.770	  1.40	  1.61
 0.771	  1.40	  1.60
 0.772	  1.40	  1.59
 0.773	  1.41	  1.58
 0.774	  1.41	  1.57
 0.775	  1.41	  1.56
 0.776	  1.41	  1.55
 0.777	  1.41	  1.54
 0.778	  1.41	  1.52
 0.779	  1.41	  1.51
 0.780	  1.42	  1.50
 0.781	  1.42	  1.49
 0.782	  1.42	  1.48
 0.783	  1.42	  1.47
 0.784	  1.42	  1.46
 0.785	  1.42	  1.45
 0.786	  1.43	  1.44
 0.787	  1.43	  1.42
 0.788	  1.43	  1.41
 0.789	  1.43	  1.40
 0.790	  1.43	  1.39
 0.791	  1.43	  1.38
 0.792	  1.43	  1.37
 0.793	  1.43	  1.35
 0.794	  1.44	  1.34
 0.795	  1.44	  1.33
 0.796	  1.44	  1.32
 0.797	  1.44	  1.31
 0.798	  1.44	  1.29
 0.799	  1.44	  1.28
 0.800	  1.44	  1.27
 0.801	  1.45	  1.26
 0.802	  1.45	  1.24
 0.803	  1.45	  1.23
 0.804	  1.45	  1.22
 0.805	  1.45	  1.21
 0.806	  1.45	  1.19
 0.807	  1.45	  1.18
 0.808	  1.45	  1.17
 0.809	  1.46	  1.15
 0.810	  1.46	  1.14
 0.811	  1.46	  1.13
 0.812	  1.46	  1.12
 0.813	  1.46	  1.10
 0.814	  1.46	  1.09
 0.815	  1.46	  1.08
 0.816	  1.46	  1.06
 0.817	  1.46	  1.05
 0.818	  1.47	  1.04
 0.819	  1.47	  1.02
 0.820	  1.47	  1.01
 0.821	  1.47	  1.00
 0.822	  1.47	  0.98
 0.823	  1.47	  0.97
 0.824	  1.47	  0.95
 0.825	  1.47	  0.94
 0.826	  1.47	  0.93
 0.827	  1.47	  0.91
 0.828	  1.47	  0.90
 0.829	  1.48	  0.89
 0.830	  1.48	  0.87
 0.831	  1.48	  0.86
 0.832	  1.48	  0.84
 0.833	  1.48	  0.83
 0.834	  1.48	  0.82
 0.835	  1.48	  0.80
 0.836	  1.48	  0.79
 0.837	  1.48	  0.77
 0.838	  1.48	  0.76
 0.839	  1.48	  0.74
 0.840	  1.48	  0.73
 0.841	  1.49	  0.72
 0.842	  1.49	  0.70
 0.843	  1.49	  0.69
 0.844	  1.49	  0.67
 0.845	  1.49	  0.66
 0.846	  1.49	  0.64
 0.847	  1.49	  0.63
 0.848	  1.49	  0.61
 0.849	  1.49	  0.60
 0.850	  1.49	  0.58
 0.851	  1.49	  0.57
 0.852	  1.49	  0.55
 0.853	  1.49	  0.54
 0.854	  1.49	  0.52
 0.855	  1.49	  0.51
 0.856	  1.49	  0.50
 0.857	  1.50	  0.48
 0.858	  1.50	  0.47
 0.859	  1.50	  0.45
 0.860	  1.50	  0.44
 0.861	  1.50	  0.42
 0.862	  1.50	  0.41
 0.863	  1.50	  0.39
 0.864	  1.50	  0.38
 0.865	  1.50	  0.36
 0.866	  1.50	  0.34
 0.867	  1.50	  0.33
 0.868	  1.50	  0.31
 0.869	  1.50	  0.30
 0.870	  1.50	  0.28
 0.871	  1.50	  0.27
 0.872	  1.50	  0.25
 0.873	  1.50	  0.24
 0.874	  1.50	  0.22
 0.875	  1.50	  0.21
 0.876	  1.50	  0.19
 0.877	  1.50	  0.18
 0.878	  1.50	  0.16
 0.879	  1.50	  0.15
 0.880	  1.50	  0.13
 0.881	  1.50	  0.12
 0.882	  1.50	  0.10
 0.883	  1.50	  0.09
 0.884	  1.50	  0.07
 0.885	  1.50	  0.06
 0.886	  1.50	  0.04
 0.887	  1.50	  0.02
 0.888	  1.50	  0.01
 0.889	  1.50	 -0.01
 0.890	  1.50	 -0.02
 0.891	  1.50	 -0.04
 0.892	  1.50	 -0.05
 0.893	  1.50	 -0.07
 0.894	  1.50	 -0.08
 0.895	  1.50	 -0.10
 0.896	  1.50	 -0.11
 0.897	  1.50	 -0.13
 0.898	  1.50	 -0.14
 0.899	  1.50	 -0.16
 0.900	  1.50	 -0.17
 0.901	  1.50	 -0.19
 0.902	  1.50	 -0.21
 0.903	  1.50	 -0.22
 0.904	  1.50	 -0.24
 0.905	  1.50	 -0.25
 0.906	  1.50	 -0.27
 0.907	  1.50	 -0.28
 0.908	  1.50	 -0.30
 0.909	  1.50	 -0.31
 0.910	  1.50	 -0.33
 0.911	  1.50	 -0.34
 0.912	  1.50	 -0.36
 0.913	  1.50	 -0.37
 0.914	  1.50	 -0.39
 0.915	  1.50	 -0.40
 0.916	  1.50	 -0.42
 0.917	  1.50	 -0.43
 0.918	  1.50	 -0.45
 0.919	  1.50	 -0.46
 0.920	  1.50	 -0.48
 0.921	  1.50	 -0.49
 0.922	  1.49	 -0.51
 0.923	  1.49	 -0.52
 0.924	  1.49	 -0.54
 0.925	  1.49	 -0.55
 0.926	  1.49	 -0.57
 0.927	  1.49	 -0.58
 0.928	  1.49	 -0.60
 0.929	  1.49	 -0.61
 0.930	  1.49	 -0.63
 0.931	  1.49	 -0.64
 0.932	  1.49	 -0.66
 0.933	  1.49	 -0.67
 0.934	  1.49	 -0.69
 0.935	  1.49	 -0.70
 0.936	  1.49	 -0.71
 0.937	  1.49	 -0.73
 0.938	  1.48	 -0.74
 0.939	  1.48	 -0.76
 0.940	  1.48	 -0.77
 0.941	  1.48	 -0.79
 0.942	  1.48	 -0.80
 0.943	  1.48	 -0.82
 0.944	  1.48	 -0.83
 0.945	  1.48	 -0.84
 0.946	  1.48	 -0.86
 0.947	  1.48	 -0.87
 0.948	  1.48	 -0.89
 0.949	  1.48	 -0.90
 0.950	  1.47	 -0.91
 0.951	  1.47	 -0.93
 0.952	  1.47	 -0.94
 0.953	  1.47	 -0.96
 0.954	  1.47	 -0.97
 0.955	  1.47	 -0.98
 0.956	  1.47	 -1.00
 0.957	  1.47	 -1.01
 0.958	  1.47	 -1.02
 0.959	  1.47	 -1.04
 0.960	  1.47	 -1.05
 0.961	  1.46	 -1.06
 0.962	  1.46	 -1.08
 0.963	  1.46	 -1.09
 0.964	  1.46	 -1.10
 0.965	  1.46	 -1.12
 0.966	  1.46	 -1.13
 0.967	  1.46	 -1.14
 0.968	  1.46	 -1.16
 0.969	  1.46	 -1.17
 0.970	  1.45	 -1.18
 0.971	  1.45	 -1.20
 0.972	  1.45	 -1.21
 0.973	  1.45	 -1.22
 0.974	  1.45	 -1.23
 0.975	  1.45	 -1.25
 0.976	  1.45	 -1.26
 0.977	  1.45	 -1.27
 0.978	  1.44	 -1.28
 0.979	  1.44	 -1.30
 0.980	  1.44	 -1.31
 0.981	  1.44	 -1.32
 0.982	  1.44	 -1.33
 0.983	  1.44	 -1.35
 0.984	  1.44	 -1.36
 0.985	  1.43	 -1.37
 0.986	  1.43	 -1.38
 0.987	  1.43	 -1.39
 0.988	  1.43	 -1.41
 0.989	  1.43	 -1.42
 0.990	  1.43	 -1.43
 0.991	  1.43	 -1.44
 0.992	  1.43	 -1.45
 0.993	  1.42	 -1.46
 0.994	  1.42	 -1.47
 0.995	  1.42	 -1.49
 0.996	  1.42	 -1.50
 0.997	  1.42	 -1.51
 0.998	  1.42	 -1.52
 0.999	  1.41	 -1.53
 1.000	  1.41	 -1.54
 1.001	  1.41	 -1.55
 1.002	  1.41	 -1.56
 1.003	  1.41	 -1.57
 1.004	  1.41	 -1.58
 1.005	  1.41	 -1.60
 1.006	  1.40	 -1.61
 1.007	  1.40	 -1.62
 1.008	  1.40	 -1.63
 1.009	  1.40	 -1.64
 1.010	  1.40	 -1.65
 1.011	  1.40	 -1.66
 1.012	  1.39	 -1.67
 1.013	  1.39	 -1.68
 1.014	  1.39	 -1.69
 1.015	  1.39	 -1.70
 1.016	  1.39	 -1.71
 1.017	  1.39	 -1.72
 1.018	  1.38	 -1.72
 1.019	  1.38	 -1.73
 1.020	  1.38	 -1.74
 1.021	  1.38	 -1.75
 1.022	  1.38	 -1.76
 1.023	  1.38	 -1.77
 1.024	  1.37	 -1.78
 1.025	  1.37	 -1.79
 1.026	  1.37	 -1.80
 1.027	  1.37	 -1.81
 1.028	  1.37	 -1.81
 1.029	  1.36	 -1.82
 1.030	  1.36	 -1.83
 1.031	  1.36	 -1.84
 1.032	  1.36	 -1.85
 1.033	  1.36	 -1.86
 1.034	  1.36	 -1.86
 1.035	  1.35	 -1.87
 1.036	  1.35	 -1.88
 1.037	  1.35	 -1.89
 1.038	  1.35	 -1.90
 1.039	  1.35	 -1.90
 1.040	  1.34	 -1.91
 1.041	  1.34	 -1.92
 1.042	  1.34	 -1.93
 1.043	  1.34	 -1.93
 1.044	  1.34	 -1.94
 1.045	  1.33	 -1.95
 1.046	  1.33	 -1.95
 1.047	  1.33	 -1.96
 1.048	  1.33	 -1.97
 1.049	  1.33	 -1.97
 1.050	  1.32	 -1.98
 1.051	  1.32	 -1.99
 1.052	  1.32	 -1.99
 1.053	  1.32	 -2.00
 1.054	  1.32	 -2.01
 1.055	  1.31	 -2.01
 1.056	  1.31	 -2.02
 1.057	  1.31	 -2.02
 1.058	  1.31	 -2.03
 1.059	  1.31	 -2.03
 1.060	  1.30	 -2.04
 1.061	  1.30	 -2.04
 1.062	  1.30	 -2.05
 1.063	  1.30	 -2.06
 1.064	  1.30	 -2.06
 1.065	  1.29	 -2.07
 1.066	  1.29	 -2.07
 1.067	  1.29	 -2.08
 1.068	  1.29	 -2.08
 1.069	  1.29	 -2.08
 1.070	  1.28	 -2.09
 1.071	  1.28	 -2.09
 1.072	  1.28	 -2.10
 1.073	  1.28	 -2.10
 1.074	  1.28	 -2.11
 1.075	  1.27	 -2.11
 1.076	  1.27	 -2.11
 1.077	  1.27	 -2.12
 1.078	  1.27	 -2.12
 1.079	  1.26	 -2.12
 1.080	  1.26	 -2.13
 1.081	  1.26	 -2.13
 1.082	  1.26	 -2.13
 1.083	  1.26	 -2.14
 1.084	  1.25	 -2.14
 1.085	  1.25	 -2.14
 1.086	  1.25	 -2.15
 1.087	  1.25	 -2.15
 1.088	  1.25	 -2.15
 1.089	  1.24	 -2.15
 1.090	  1.24	 -2.16
 1.091	  1.24	 -2.16
 1.092	  1.24	 -2.16
 1.093	  1.23	 -2.16
 1.094	  1.23	 -2.16
 1.095	  1.23	 -2.17
 1.096	  1.23	 -2.17
 1.097	  1.23	 -2.17
 1.098	  1.22	 -2.17
 1.099	  1.22	 -2.17
 1.100	  1.22	 -2.17
 1.101	  1.22	 -2.18
 1.102	  1.22	 -2.18
 1.103	  1.21	 -2.18
 1.104	  1.21	 -2.18
 1.105	  1.21	 -2.18
 1.106	  1.21	 -2.18
 1.107	  1.20	 -2.18
 1.108	  1.20	 -2.18
 1.109	  1.20	 -2.18
 1.110	  1.20	 -2.18
 1.111	  1.20	 -2.18
 1.112	  1.19	 -2.18
 1.113	  1.19	 -2.18
 1.114	  1.19	 -2.18
 1.115	  1.19	 -2.18
 1.116	  1.18	 -2.18
 1.117	  1.18	 -2.18
 1.118	  1.18	 -2.18
 1.119	  1.18	 -2.18
 1.120	  1.18	 -2.18
 1.121	  1.17	 -2.18
 1.122	  1.17	 -2.17
 1.123	  1.17	 -2.17
 1.124	  1.17	 -2.17
 1.125	  1.17	 -2.17
 1.126	  1.16	 -2.17
 1.127	  1.16	 -2.17
 1.128	  1.16	 -2.17
 1.129	  1.16	 -2.16
 1.130	  1.15	 -2.16
 1.131	  1.15	 -2.16
 1.132	  1.15	 -2.16
 1.133	  1.15	 -2.16
 1.134	  1.15	 -2.15
 1.135	  1.14	 -2.15
 1.136	  1.14	 -2.15
 1.137	  1.14	 -2.14
 1.138	  1.14	 -2.14
 1.139	  1.13	 -2.14
 1.140	  1.13	 -2.14
 1.141	  1.13	 -2.13
 1.142	  1.13	 -2.13
 1.143	  1.13	 -2.13
 1.144	  1.12	 -2.12
 1.145	  1.12	 -2.12
 1.146	  1.12	 -2.12
 1.147	  1.12	 -2.11
 1.148	  1.12	 -2.11
 1.149	  1.11	 -2.10
 1.150	  1.11	 -2.10
 1.151	  1.11	 -2.10
 1.152	  1.11	 -2.09
 1.153	  1.11	 -2.09
 1.154	  1.10	 -2.08
 1.155	  1.10	 -2.08
 1.156	  1.10	 -2.07
 1.157	  1.10	 -2.07
 1.158	  1.09	 -2.06
 1.159	  1.09	 -2.06
 1.160	  1.09	 -2.05
 1.161	  1.09	 -2.05
 1.162	  1.09	 -2.04
 1.163	  1.08	 -2.04
 1.164	  1.08	 -2.03
 1.165	  1.08	 -2.03
 1.166	  1.08	 -2.02
 1.167	  1.08	 -2.01
 1.168	  1.07	 -2.01
 1.169	  1.07	 -2.00
 1.170	  1.07	 -2.00
 1.171	  1.07	 -1.99
 1.172	  1.07	 -1.98
 1.173	  1.06	 -1.98
 1.174	  1.06	 -1.97
 1.175	  1.06	 -1.96
 1.176	  1.06	 -1.96
 1.177	  1.06	 -1.95
 1.178	  1.05	 -1.94
 1.179	  1.05	 -1.94
 1.180	  1.05	 -1.93
 1.181	  1.05	 -1.92
 1.182	  1.05	 -1.91
 1.183	  1.05	 -1.91
 1.184	  1.04	 -1.90
 1.185	  1.04	 -1.89
 1.186	  1.04	 -1.88
 1.187	  1.04	 -1.88
 1.188	  1.04	 -1.87
 1.189	  1.03	 -1.86
 1.190	  1.03	 -1.85
 1.191	  1.03	 -1.84
 1.192	  1.03	 -1.83
 1.193	  1.03	 -1.83
 1.194	  1.02	 -1.82
 1.195	  1.02	 -1.81
 1.196	  1.02	 -1.80
 1.197	  1.02	 -1.79
 1.198	  1.02	 -1.78
 1.199	  1.02	 -1.77
 1.200	  1.01	 -1.76
 1.201	  1.01	 -1.76
 1.202	  1.01	 -1.75
 1.203	  1.01	 -1.74
 1.204	  1.01	 -1.73
 1.205	  1.01	 -1.72
 1.206	  1.00	 -1.71
 1.207	  1.00	 -1.70
 1.208	  1.00	 -1.69
 1.209	  1.00	 -1.68
 1.210	  1.00	 -1.67
 1.211	  0.99	 -1.66
 1.212	  0.99	 -1.65
 1.213	  0.99	 -1.64
 1.214	  0.99	 -1.63
 1.215	  0.99	 -1.62
 1.216	  0.99	 -1.61
 1.217	  0.99	 -1.60
 1.218	  0.98	 -1.59
 1.219	  0.98	 -1.58
 1.220	  0.98	 -1.57
 1.221	  0.98	 -1.56
 1.222	  0.98	 -1.54
 1.223	  0.98	 -1.53
 1.224	  0.97	 -1.52
 1.225	  0.97	 -1.51
 1.226	  0.97	 -1.50
 1.227	  0.97	 -1.49
 1.228	  0.97	 -1.48
 1.229	  0.97	 -1.47
 1.230	  0.97	 -1.45
 1.231	  0.96	 -1.44
 1.232	  0.96	 -1.43
 1.233	  0.96	 -1.42
 1.234	  0.96	 -1.41
 1.235	  0.96	 -1.40
 1.236	  0.96	 -1.38
 1.237	  0.96	 -1.37
 1.238	  0.95	 -1.36
 1.239	  0.95	 -1.35
 1.240	  0.95	 -1.34
 1.241	  0.95	 -1.32
 1.242	  0.95	 -1.31
 1.243	  0.95	 -1.30
 1.244	  0.95	 -1.29
 1.245	  0.94	 -1.27
 1.246	  0.94	 -1.26
 1.247	  0.94	 -1.25
 1.248	  0.94	 -1.24
 1.249	  0.94	 -1.22
 1.250	  0.94	 -1.21
 1.251	  0.94	 -1.20
 1.252	  0.94	 -1.18
 1.253	  0.93	 -1.17
 1.254	  0.93	 -1.16
 1.255	  0.93	 -1.15
 1.256	  0.93	 -1.13
 1.257	  0.93	 -1.12
 1.258	  0.93	 -1.11
 1.259	  0.93	 -1.09
 1.260	  0.93	 -1.08
 1.261	  0.93	 -1.07
 1.262	  0.92	 -1.05
 1.263	  0.92	 -1.04
 1.264	  0.92	 -1.02
 1.265	  0.92	 -1.01
 1.266	  0.92	 -1.00
 1.267	  0.92	 -0.98
 1.268	  0.92	 -0.97
 1.269	  0.92	 -0.96
 1.270	  0.92	 -0.94
 1.271	  0.92	 -0.93
 1.272	  0.91	 -0.91
 1.273	  0.91	 -0.90
 1.274	  0.91	 -0.89
 1.275	  0.91	 -0.87
 1.276	  0.91	 -0.86
 1.277	  0.91	 -0.84
 1.278	  0.91	 -0.83
 1.279	  0.91	 -0.81
 1.280	  0.91	 -0.80
 1.281	  0.91	 -0.79
 1.282	  0.91	 -0.77
 1.283	  0.91	 -0.76
 1.284	  0.90	 -0.74
 1.285	  0.90	 -0.73
 1.286	  0.90	 -0.71
 1.287	  0.90	 -0.70
 1.288	  0.90	 -0.68
 1.289	  0.90	 -0.67
 1.290	  0.90	 -0.65
 1.291	  0.90	 -0.64
 1.292	  0.90	 -0.62
 1.293	  0.90	 -0.61
 1.294	  0.90	 -0.59
 1.295	  0.90	 -0.58
 1.296	  0.90	 -0.57
 1.297	  0.90	 -0.55
 1.298	  0.90	 -0.54
 1.299	  0.90	 -0.52
 1.300	  0.89	 -0.51
 1.301	  0.89	 -0.49
 1.302	  0.89	 -0.47
 1.303	  0.89	 -0.46
 1.304	  0.89	 -0.44
 1.305	  0.89	 -0.43
 1.306	  0.89	 -0.41
 1.307	  0.89	 -0.40
 1.308	  0.89	 -0.38
 1.309	  0.89	 -0.37
 1.310	  0.89	 -0.35
 1.311	  0.89	 -0.34
 1.312	  0.89	 -0.32
 1.313	  0.89	 -0.31
 1.314	  0.89	 -0.29
 1.315	  0.89	 -0.28
 1.316	  0.89	 -0.26
 1.317	  0.89	 -0.25
 1.318	  0.89	 -0.23
 1.319	  0.89	 -0.21
 1.320	  0.89	 -0.20
 1.321	  0.89	 -0.18
 1.322	  0.89	 -0.17
 1.323	  0.89	 -0.15
 1.324	  0.89	 -0.14
 1.325	  0.89	 -0.12
 1.326	  0.89	 -0.11
 1.327	  0.89	 -0.09
 1.328	  0.89	 -0.08
 1.329	  0.89	 -0.06
 1.330	  0.89	 -0.04
 1.331	  0.89	 -0.03
 1.332	  0.89	 -0.01
 1.333	  0.89	  0.00
 1.334	  0.89	  0.02
 1.335	  0.89	  0.03
 1.336	  0.89	  0.05
 1.337	  0.89	  0.06
 1.338	  0.89	  0.08
 1.339	  0.89	  0.09
 1.340	  0.89	  0.11
 1.341	  0.89	  0.13
 1.342	  0.89	  0.14
 1.343	  0.89	  0.16
 1.344	  0.89	  0.17
 1.345	  0.89	  0.19
 1.346	  0.89	  0.20
 1.347	  0.89	  0.22
 1.348	  0.89	  0.23
 1.349	  0.89	  0.25
 1.350	  0.89	  0.26
 1.351	  0.89	  0.28
 1.352	  0.89	  0.30
 1.353	  0.89	  0.31
 1.354	  0.89	  0.33
 1.355	  0.89	  0.34
 1.356	  0.89	  0.36
 1.357	  0.89	  0.37
 1.358	  0.89	  0.39
 1.359	  0.89	  0.40
 1.360	  0.89	  0.42
 1.361	  0.89	  0.43
 1.362	  0.89	  0.45
 1.363	  0.89	  0.46
 1.364	  0.89	  0.48
 1.365	  0.89	  0.49
 1.366	  0.89	  0.51
 1.367	  0.89	  0.52
 1.368	  0.90	  0.54
 1.369	  0.90	  0.55
 1.370	  0.90	  0.57
 1.371	  0.90	  0.58
 1.372	  0.90	  0.60
 1.373	  0.90	  0.61
 1.374	  0.90	  0.63
 1.375	  0.90	  0.64
 1.376	  0.90	  0.66
 1.377	  0.90	  0.67
 1.378	  0.90	  0.69
 1.379	  0.90	  0.70
 1.380	  0.90	  0.72
 1.381	  0.90	  0.73
 1.382	  0.90	  0.75
 1.383	  0.90	  0.76
 1.384	  0.91	  0.78
 1.385	  0.91	  0.79
 1.386	  0.91	  0.81
 1.387	  0.91	  0.82
 1.388	  0.91	  0.83
 1.389	  0.91	  0.85
 1.390	  0.91	  0.86
 1.391	  0.91	  0.88
 1.392	  0.91	  0.89
 1.393	  0.91	  0.91
 1.394	  0.91	  0.92
 1.395	  0.92	  0.93
 1.396	  0.92	  0.95
 1.397	  0.92	  0.96
 1.398	  0.92	  0.98
 1.399	  0.92	  0.99
 1.400	  0.92	  1.00
 1.401	  0.92	  1.02
 1.402	  0.92	  1.03
 1.403	  0.92	  1.05
 1.404	  0.92	  1.06
 1.405	  0.93	  1.07
 1.406	  0.93	  1.09
 1.407	  0.93	  1.10
 1.408	  0.93	  1.11
 1.409	  0.93	  1.13
 1.410	  0.93	  1.14
 1.411	  0.93	  1.15
 1.412	  0.93	  1.17
 1.413	  0.93	  1.18
 1.414	  0.94	  1.19
 1.415	  0.94	  1.21
 1.416	  0.94	  1.22
 1.417	  0.94	  1.23
 1.418	  0.94	  1.24
 1.419	  0.94	  1.26
 1.420	  0.94	  1.27
 1.421	  0.94	  1.28
 1.422	  0.95	  1.30
 1.423	  0.95	  1.31
 1.424	  0.95	  1.32
 1.425	  0.95	  1.33
 1.426	  0.95	  1.35
 1.427	  0.95	  1.36
 1.428	  0.95	  1.37
 1.429	  0.95	  1.38
 1.430	  0.96	  1.39
 1.431	  0.96	  1.41
 1.432	  0.96	  1.42
 1.433	  0.96	  1.43
 1.434	  0.96	  1.44
 1.435	  0.96	  1.45
 1.436	  0.96	  1.46
 1.437	  0.97	  1.48
 1.438	  0.97	  1.49
 1.439	  0.97	  1.50
 1.440	  0.97	  1.51
 1.441	  0.97	  1.52
 1.442	  0.97	  1.53
 1.443	  0.97	  1.54
 1.444	  0.98	  1.56
 1.445	  0.98	  1.57
 1.446	  0.98	  1.58
 1.447	  0.98	  1.59
 1.448	  0.98	  1.60
 1.449	  0.98	  1.61
 1.450	  0.99	  1.62
 1.451	  0.99	  1.63
 1.452	  0.99	  1.64
 1.453	  0.99	  1.65
 1.454	  0.99	  1.66
 1.455	  0.99	  1.67
 1.456	  1.00	  1.68
 1.457	  1.00	  1.69
 1.458	  1.00	  1.70
 1.459	  1.00	  1.71
 1.460	  1.00	  1.72
 1.461	  1.00	  1.73
 1.462	  1.01	  1.74
 1.463	  1.01	  1.75
 1.464	  1.01	  1.76
 1.465	  1.01	  1.77
 1.466	  1.01	  1.78
 1.467	  1.01	  1.79
 1.468	  1.02	  1.80
 1.469	  1.02	  1.81
 1.470	  1.02	  1.81
 1.471	  1.02	  1.82
 1.472	  1.02	  1.83
 1.473	  1.03	  1.84
 1.474	  1.03	  1.85
 1.475	  1.03	  1.86
 1.476	  1.03	  1.87
 1.477	  1.03	  1.87
 1.478	  1.03	  1.88
 1.479	  1.04	  1.89
 1.480	  1.04	  1.90
 1.481	  1.04	  1.91
 1.482	  1.04	  1.91
 1.483	  1.04	  1.92
 1.484	  1.05	  1.93
 1.485	  1.05	  1.94
 1.486	  1.05	  1.94
 1.487	  1.05	  1.95
 1.488	  1.05	  1.96
 1.489	  1.06	  1.97
 1.490	  1.06	  1.97
 1.491	  1.06	  1.98
 1.492	  1.06	  1.99
 1.493	  1.06	  1.99
 1.494	  1.07	  2.00
 1.495	  1.07	  2.01
 1.496	  1.07	  2.01
 1.497	  1.07	  2.02
 1.498	  1.07	  2.03
 1.499	  1.08	  2.03
 1.500	  1.08	  2.04
 1.501	  1.08	  2.04
 1.502	  1.08	  2.05
 1.503	  1.08	  2.06
 1.504	  1.09	  2.06
 1.505	  1.09	  2.07
 1.506	  1.09	  2.07
 1.507	  1.09	  2.08
 1.508	  1.09	  2.08
 1.509	  1.10	  2.09
 1.510	  1.10	  2.09
 1.511	  1.10	  2.10
 1.512	  1.10	  2.10
 1.513	  1.10	  2.11
 1.514	  1.11	  2.11
 1.515	  1.11	  2.12
 1.516	  1.11	  2.12
 1.517	  1.11	  2.12
 1.518	  1.12	  2.13
 1.519	  1.12	  2.13
 1.520	  1.12	  2.14
 1.521	  1.12	  2.14
 1.522	  1.12	  2.14
 1.523	  1.13	  2.15
 1.524	  1.13	  2.15
 1.525	  1.13	  2.15
 1.526	  1.13	  2.16
 1.527	  1.13	  2.16
 1.528	  1.14	  2.16
 1.529	  1.14	  2.17
 1.530	  1.14	  2.17
 1.531	  1.14	  2.17
 1.532	  1.15	  2.17
 1.533	  1.15	  2.18
 1.534	  1.15	  2.18
 1.535	  1.15	  2.18
 1.536	  1.15	  2.18
 1.537	  1.16	  2.19
 1.538	  1.16	  2.19
 1.539	  1.16	  2.19
 1.540	  1.16	  2.19
 1.541	  1.17	  2.19
 1.542	  1.17	  2.20
 1.543	  1.17	  2.20
 1.544	  1.17	  2.20
 1.545	  1.17	  2.20
 1.546	  1.18	  2.20
 1.547	  1.18	  2.20
 1.548	  1.18	  2.20
 1.549	  1.18	  2.20
 1.550	  1.19	  2.20
 1.551	  1.19	  2.20
 1.552	  1.19	  2.20
 1.553	  1.19	  2.21
 1.554	  1.19	  2.21
 1.555	  1.20	  2.21
 1.556	  1.20	  2.21
 1.557	  1.20	  2.21
 1.558	  1.20	  2.21
 1.559	  1.20	  2.20
 1.560	  1.21	  2.20
 1.561	  1.21	  2.20
 1.562	  1.21	  2.20
 1.563	  1.21	  2.20
 1.564	  1.22	  2.20
 1.565	  1.22	  2.20
 1.566	  1.22	  2.20
 1.567	  1.22	  2.20
 1.568	  1.22	  2.20
 1.569	  1.23	  2.20
 1.570	  1.23	  2.19
 1.571	  1.23	  2.19
 1.572	  1.23	  2.19
 1.573	  1.24	  2.19
 1.574	  1.24	  2.19
 1.575	  1.24	  2.18
 1.576	  1.24	  2.18
 1.577	  1.24	  2.18
 1.578	  1.25	  2.18
 1.579	  1.25	  2.18
 1.580	  1.25	  2.17
 1.581	  1.25	  2.17
 1.582	  1.26	  2.17
 1.583	  1.26	  2.16
 1.584	  1.26	  2.16
 1.585	  1.26	  2.16
 1.586	  1.26	  2.15
 1.587	  1.27	  2.15
 1.588	  1.27	  2.15
 1.589	  1.27	  2.14
 1.590	  1.27	  2.14
 1.591	  1.27	  2.14
 1.592	  1.28	  2.13
 1.593	  1.28	  2.13
 1.594	  1.28	  2.12
 1.595	  1.28	  2.12
 1.596	  1.29	  2.12
 1.597	  1.29	  2.11
 1.598	  1.29	  2.11
 1.599	  1.29	  2.10
 1.600	  1.29	  2.10
 1.601	  1.30	  2.09
 1.602	  1.30	  2.09
 1.603	  1.30	  2.08
 1.604	  1.30	  2.08
 1.605	  1.30	  2.07
 1.606	  1.31	  2.07
 1.607	  1.31	  2.06
 1.608	  1.31	  2.06
 1.609	  1.31	  2.05
 1.610	  1.31	  2.04
 1.611	  1.32	  2.04
 1.612	  1.32	  2.03
 1.613	  1.32	  2.03
 1.614	  1.32	  2.02
 1.615	  1.32	  2.01
 1.616	  1.33	  2.01
 1.617	  1.33	  2.00
 1.618	  1.33	  1.99
 1.619	  1.33	  1.99
 1.620	  1.33	  1.98
 1.621	  1.34	  1.97
 1.622	  1.34	  1.97
 1.623	  1.34	  1.96
 1.624	  1.34	  1.95
 1.625	  1.34	  1.94
 1.626	  1.35	  1.94
 1.627	  1.35	  1.93
 1.628	  1.35	  1.92
 1.629	  1.35	  1.91
 1.630	  1.35	  1.91
 1.631	  1.36	  1.90
 1.632	  1.36	  1.89
 1.633	  1.36	  1.88
 1.634	  1.36	  1.87
 1.635	  1.36	  1.87
 1.636	  1.37	  1.86
 1.637	  1.37	  1.85
 1.638	  1.37	  1.84
 1.639	  1.37	  1.83
 1.640	  1.37	  1.82
 1.641	  1.37	  1.81
 1.642	  1.38	  1.81
 1.643	  1.38	  1.80
 1.644	  1.38	  1.79
 1.645	  1.38	  1.78
 1.646	  1.38	  1.77
 1.647	  1.39	  1.76
 1.648	  1.39	  1.75
 1.649	  1.39	  1.74
 1.650	  1.39	  1.73
 1.651	  1.39	  1.72
 1.652	  1.39	  1.71
 1.653	  1.40	  1.70
 1.654	  1.40	  1.69
 1.655	  1.40	  1.68
 1.656	  1.40	  1.67
 1.657	  1.40	  1.66
 1.658	  1.40	  1.65
 1.659	  1.41	  1.64
 1.660	  1.41	  1.63
 1.661	  1.41	  1.62
 1.662	  1.41	  1.61
 1.663	  1.41	  1.60
 1.664	  1.41	  1.59
 1.665	  1.42	  1.58
 1.666	  1.42	  1.56
 1.667	  1.42	  1.55
 1.668	  1.42	  1.54
 1.669	  1.42	  1.53
 1.670	  1.42	  1.52
 1.671	  1.42	  1.51
 1.672	  1.43	  1.50
 1.673	  1.43	  1.49
 1.674	  1.43	  1.47
 1.675	  1.43	  1.46
 1.676	  1.43	  1.45
 1.677	  1.43	  1.44
 1.678	  1.44	  1.43
 1.679	  1.44	  1.42
 1.680	  1.44	  1.40
 1.681	  1.44	  1.39
 1.682	  1.44	  1.38
 1.683	  1.44	  1.37
 1.684	  1.44	  1.35
 1.685	  1.44	  1.34
 1.686	  1.45	  1.33
 1.687	  1.45	  1.32
 1.688	  1.45	  1.30
 1.689	  1.45	  1.29
 1.690	  1.45	  1.28
 1.691	  1.45	  1.27
 1.692	  1.45	  1.25
 1.693	  1.46	  1.24
 1.694	  1.46	  1.23
 1.695	  1.46	  1.21
 1.696	  1.46	  1.20
 1.697	  1.46	  1.19
 1.698	  1.46	  1.18
 1.699	  1.46	  1.16
 1.700	  1.46	  1.15
 1.701	  1.46	  1.14
 1.702	  1.47	  1.12
 1.703	  1.47	  1.11
 1.704	  1.47	  1.10
 1.705	  1.47	  1.08
 1.706	  1.47	  1.07
 1.707	  1.47	  1.05
 1.708	  1.47	  1.04
 1.709	  1.47	  1.03
 1.710	  1.47	  1.01
 1.711	  1.48	  1.00
 1.712	  1.48	  0.98
 1.713	  1.48	  0.97
 1.714	  1.48	  0.96
 1.715	  1.48	  0.94
 1.716	  1.48	  0.93
 1.717	  1.48	  0.91
 1.718	  1.48	  0.90
 1.719	  1.48	  0.89
 1.720	  1.48	  0.87
 1.721	  1.48	  0.86
 1.722	  1.49	  0.84
 1.723	  1.49	  0.83
 1.724	  1.49	  0.81
 1.725	  1.49	  0.80
 1.726	  1.49	  0.78
 1.727	  1.49	  0.77
 1.728	  1.49	  0.75
 1.729	  1.49	  0.74
 1.730	  1.49	  0.73
 1.731	  1.49	  0.71
 1.732	  1.49	  0.70
 1.733	  1.49	  0.68
 1.734	  1.49	  0.67
 1.735	  1.50	  0.65
 1.736	  1.50	  0.64
 1.737	  1.50	  0.62
 1.738	  1.50	  0.61
 1.739	  1.50	  0.59
 1.740	  1.50	  0.58
 1.741	  1.50	  0.56
 1.742	  1.50	  0.55
 1.743	  1.50	  0.53
 1.744	  1.50	  0.52
 1.745	  1.50	  0.50
 1.746	  1.50	  0.48
 1.747	  1.50	  0.47
 1.748	  1.50	  0.45
 1.749	  1.50	  0.44
 1.750	  1.50	  0.42
 1.751	  1.50	  0.41
 1.752	  1.50	  0.39
 1.753	  1.51	  0.38
 1.754	  1.51	  0.36
 1.755	  1.51	  0.35
 1.756	  1.51	  0.33
 1.757	  1.51	  0.32
 1.758	  1.51	  0.30
 1.759	  1.51	  0.28
 1.760	  1.51	  0.27
 1.761	  1.51	  0.25
 1.762	  1.51	  0.24
 1.763	  1.51	  0.22
 1.764	  1.51	  0.21
 1.765	  1.51	  0.19
 1.766	  1.51	  0.18
 1.767	  1.51	  0.16
 1.768	  1.51	  0.14
 1.769	  1.51	  0.13
 1.770	  1.51	  0.11
 1.771	  1.51	  0.10
 1.772	  1.51	  0.08
 1.773	  1.51	  0.07
 1.774	  1.51	  0.05
 1.775	  1.51	  0.03
 1.776	  1.51	  0.02
 1.777	  1.51	  0.00
 1.778	  1.51	 -0.01
 1.779	  1.51	 -0.03
 1.780	  1.51	 -0.04
 1.781	  1.51	 -0.06
 1.782	  1.51	 -0.08
 1.783	  1.51	 -0.09
 1.784	  1.51	 -0.11
 1.785	  1.51	 -0.12
 1.786	  1.51	 -0.14
 1.787	  1.51	 -0.15
 1.788	  1.51	 -0.17
 1.789	  1.51	 -0.19
 1.790	  1.51	 -0.20
 1.791	  1.51	 -0.22
 1.792	  1.51	 -0.23
 1.793	  1.51	 -0.25
 1.794	  1.51	 -0.26
 1.795	  1.51	 -0.28
 1.796	  1.51	 -0.29
 1.797	  1.51	 -0.31
 1.798	  1.51	 -0.33
 1.799	  1.51	 -0.34
 1.800	  1.51	 -0.36
 1.801	  1.51	 -0.37
 1.802	  1.51	 -0.39
 1.803	  1.50	 -0.40
 1.804	  1.50	 -0.42
 1.805	  1.50	 -0.43
 1.806	  1.50	 -0.45
 1.807	  1.50	 -0.46
 1.808	  1.50	 -0.48
 1.809	  1.50	 -0.50
 1.810	  1.50	 -0.51
 1.811	  1.50	 -0.53
 1.812	  1.50	 -0.54
 1.813	  1.50	 -0.56
 1.814	  1.50	 -0.57
 1.815	  1.50	 -0.59
 1.816	  1.50	 -0.60
 1.817	  1.50	 -0.62
 1.818	  1.50	 -0.63
 1.819	  1.50	 -0.65
 1.820	  1.50	 -0.66
 1.821	  1.50	 -0.68
 1.822	  1.49	 -0.69
 1.823	  1.49	 -0.71
 1.824	  1.49	 -0.72
 1.825	  1.49	 -0.74
 1.826	  1.49	 -0.75
 1.827	  1.49	 -0.77
 1.828	  1.49	 -0.78
 1.829	  1.49	 -0.80
 1.830	  1.49	 -0.81
 1.831	  1.49	 -0.82
 1.832	  1.49	 -0.84
 1.833	  1.49	 -0.85
 1.834	  1.49	 -0.87
 1.835	  1.48	 -0.88
 1.836	  1.48	 -0.90
 1.837	  1.48	 -0.91
 1.838	  1.48	 -0.93
 1.839	  1.48	 -0.94
 1.840	  1.48	 -0.95
 1.841	  1.48	 -0.97
 1.842	  1.48	 -0.98
 1.843	  1.48	 -1.00
 1.844	  1.48	 -1.01
 1.845	  1.47	 -1.02
 1.846	  1.47	 -1.04
 1.847	  1.47	 -1.05
 1.848	  1.47	 -1.07
 1.849	  1.47	 -1.08
 1.850	  1.47	 -1.09
 1.851	  1.47	 -1.11
 1.852	  1.47	 -1.12
 1.853	  1.47	 -1.13
 1.854	  1.47	 -1.15
 1.855	  1.46	 -1.16
 1.856	  1.46	 -1.18
 1.857	  1.46	 -1.19
 1.858	  1.46	 -1.20
 1.859	  1.46	 -1.22
 1.860	  1.46	 -1.23
 1.861	  1.46	 -1.24
 1.862	  1.46	 -1.25
 1.863	  1.45	 -1.27
 1.864	  1.45	 -1.28
 1.865	  1.45	 -1.29
 1.866	  1.45	 -1.31
 1.867	  1.45	 -1.32
 1.868	  1.45	 -1.33
 1.869	  1.45	 -1.34
 1.870	  1.45	 -1.36
 1.871	  1.44	 -1.37
 1.872	  1.44	 -1.38
 1.873	  1.44	 -1.39
 1.874	  1.44	 -1.41
 1.875	  1.44	 -1.42
 1.876	  1.44	 -1.43
 1.877	  1.44	 -1.44
 1.878	  1.43	 -1.45
 1.879	  1.43	 -1.47
 1.880	  1.43	 -1.48
 1.881	  1.43	 -1.49
 1.882	  1.43	 -1.50
 1.883	  1.43	 -1.51
 1.884	  1.43	 -1.52
 1.885	  1.42	 -1.54
 1.886	  1.42	 -1.55
 1.887	  1.42	 -1.56
 1.888	  1.42	 -1.57
 1.889	  1.42	 -1.58
 1.890	  1.42	 -1.59
 1.891	  1.41	 -1.60
 1.892	  1.41	 -1.61
 1.893	  1.41	 -1.62
 1.894	  1.41	 -1.64
 1.895	  1.41	 -1.65
 1.896	  1.41	 -1.66
 1.897	  1.40	 -1.67
 1.898	  1.40	 -1.68
 1.899	  1.40	 -1.69
 1.900	  1.40	 -1.70
 1.901	  1.40	 -1.71
 1.902	  1.40	 -1.72
 1.903	  1.39	 -1.73
 1.904	  1.39	 -1.74
 1.905	  1.39	 -1.75
 1.906	  1.39	 -1.76
 1.907	  1.39	 -1.77
 1.908	  1.39	 -1.78
 1.909	  1.38	 -1.79
 1.910	  1.38	 -1.80
 1.911	  1.38	 -1.81
 1.912	  1.38	 -1.81
 1.913	  1.38	 -1.82
 1.914	  1.37	 -1.83
 1.915	  1.37	 -1.84
 1.916	  1.37	 -1.85
 1.917	  1.37	 -1.86
 1.918	  1.37	 -1.87
 1.919	  1.37	 -1.88
 1.920	  1.36	 -1.88
 1.921	  1.36	 -1.89
 1.922	  1.36	 -1.90
 1.923	  1.36	 -1.91
 1.924	  1.36	 -1.92
 1.925	  1.35	 -1.93
 1.926	  1.35	 -1.93
 1.927	  1.35	 -1.94
 1.928	  1.35	 -1.95
 1.929	  1.35	 -1.96
 1.930	  1.34	 -1.96
 1.931	  1.34	 -1.97
 1.932	  1.34	 -1.98
 1.933	  1.34	 -1.99
 1.934	  1.34	 -1.99
 1.935	  1.33	 -2.00
 1.936	  1.33	 -2.01
 1.937	  1.33	 -2.01
 1.938	  1.33	 -2.02
 1.939	  1.33	 -2.03
 1.940	  1.32	 -2.03
 1.941	  1.32	 -2.04
 1.942	  1.32	 -2.05
 1.943	  1.32	 -2.05
 1.944	  1.32	 -2.06
 1.945	  1.31	 -2.06
 1.946	  1.31	 -2.07
 1.947	  1.31	 -2.08
 1.948	  1.31	 -2.08
 1.949	  1.31	 -2.09
 1.950	  1.30	 -2.09
 1.951	  1.30	 -2.10
 1.952	  1.30	 -2.10
 1.953	  1.30	 -2.11
 1.954	  1.30	 -2.11
 1.955	  1.29	 -2.12
 1.956	  1.29	 -2.12
 1.957	  1.29	 -2.13
 1.958	  1.29	 -2.13
 1.959	  1.28	 -2.14
 1.960	  1.28	 -2.14
 1.961	  1.28	 -2.15
 1.962	  1.28	 -2.15
 1.963	  1.28	 -2.15
 1.964	  1.27	 -2.16
 1.965	  1.27	 -2.16
 1.966	  1.27	 -2.17
 1.967	  1.27	 -2.17
 1.968	  1.27	 -2.17
 1.969	  1.26	 -2.18
 1.970	  1.26	 -2.18
 1.971	  1.26	 -2.18
 1.972	  1.26	 -2.19
 1.973	  1.25	 -2.19
 1.974	  1.25	 -2.19
 1.975	  1.25	 -2.20
 1.976	  1.25	 -2.20
 1.977	  1.25	 -2.20
 1.978	  1.24	 -2.20
 1.979	  1.24	 -2.21
 1.980	  1.24	 -2.21
 1.981	  1.24	 -2.21
 1.982	  1.23	 -2.21
 1.983	  1.23	 -2.21
 1.984	  1.23	 -2.22
 1.985	  1.23	 -2.22
 1.986	  1.23	 -2.22
 1.987	  1.22	 -2.22
 1.988	  1.22	 -2.22
 1.989	  1.22	 -2.22
 1.990	  1.22	 -2.22
 1.991	  1.21	 -2.23
 1.992	  1.21	 -2.23
 1.993	  1.21	 -2.23
 1.994	  1.21	 -2.23
 1.995	  1.21	 -2.23
 1.996	  1.20	 -2.23
 1.997	  1.20	 -2.23
 1.998	  1.20	 -2.23
 1.999	  1.20	 -2.23
 2.000	  1.19	 -2.23
 2.001	  1.19	 -2.23
 2.002	  1.19	 -2.23
 2.003	  1.19	 -2.23
 2.004	  1.19	 -2.23
 2.005	  1.18	 -2.23
 2.006	  1.18	 -2.23
 2.007	  1.18	 -2.23
 2.008	  1.18	 -2.23
 2.009	  1.17	 -2.23
 2.010	  1.17	 -2.22
 2.011	  1.17	 -2.22
 2.012	  1.17	 -2.22
 2.013	  1.17	 -2.22
 2.014	  1.16	 -2.22
 2.015	  1.16	 -2.22
 2.016	  1.16	 -2.22
 2.017	  1.16	 -2.21
 2.018	  1.15	 -2.21
 2.019	  1.15	 -2.21
 2.020	  1.15	 -2.21
 2.021	  1.15	 -2.21
 2.022	  1.15	 -2.20
 2.023	  1.14	 -2.20
 2.024	  1.14	 -2.20
 2.025	  1.14	 -2.19
 2.026	  1.14	 -2.19
 2.027	  1.13	 -2.19
 2.028	  1.13	 -2.19
 2.029	  1.13	 -2.18
 2.030	  1.13	 -2.18
 2.031	  1.13	 -2.18
 2.032	  1.12	 -2.17
 2.033	  1.12	 -2.17
 2.034	  1.12	 -2.17
 2.035	  1.12	 -2.16
 2.036	  1.12	 -2.16
 2.037	  1.11	 -2.15
 2.038	  1.11	 -2.15
 2.039	  1.11	 -2.15
 2.040	  1.11	 -2.14
 2.041	  1.10	 -2.14
 2.042	  1.10	 -2.13
 2.043	  1.10	 -2.13
 2.044	  1.10	 -2.12
 2.045	  1.10	 -2.12
 2.046	  1.09	 -2.11
 2.047	  1.09	 -2.11
 2.048	  1.09	 -2.10
 2.049	  1.09	 -2.10
 2.050	  1.09	 -2.09
 2.051	  1.08	 -2.09
 2.052	  1.08	 -2.08
 2.053	  1.08	 -2.07
 2.054	  1.08	 -2.07
 2.055	  1.08	 -2.06
 2.056	  1.07	 -2.06
 2.057	  1.07	 -2.05
 2.058	  1.07	 -2.04
 2.059	  1.07	 -2.04
 2.060	  1.06	 -2.03
 2.061	  1.06	 -2.02
 2.062	  1.06	 -2.02
 2.063	  1.06	 -2.01
 2.064	  1.06	 -2.00
 2.065	  1.05	 -2.00
 2.066	  1.05	 -1.99
 2.067	  1.05	 -1.98
 2.068	  1.05	 -1.98
 2.069	  1.05	 -1.97
 2.070	  1.04	 -1.96
 2.071	  1.04	 -1.95
 2.072	  1.04	 -1.95
 2.073	  1.04	 -1.94
 2.074	  1.04	 -1.93
 2.075	  1.04	 -1.92
 2.076	  1.03	 -1.91
 2.077	  1.03	 -1.91
 2.078	  1.03	 -1.90
 2.079	  1.03	 -1.89
 2.080	  1.03	 -1.88
 2.081	  1.02	 -1.87
 2.082	  1.02	 -1.86
 2.083	  1.02	 -1.85
 2.084	  1.02	 -1.85
 2.085	  1.02	 -1.84
 2.086	  1.01	 -1.83
 2.087	  1.01	 -1.82
 2.088	  1.01	 -1.81
 2.089	  1.01	 -1.80
 2.090	  1.01	 -1.79
 2.091	  1.01	 -1.78
 2.092	  1.00	 -1.77
 2.093	  1.00	 -1.76
 2.094	  1.00	 -1.75
 2.095	  1.00	 -1.74
 2.096	  1.00	 -1.73
 2.097	  0.99	 -1.72
 2.098	  0.99	 -1.71
 2.099	  0.99	 -1.70
 2.100	  0.99	 -1.69
 2.101	  0.99	 -1.68
 2.102	  0.99	 -1.67
 2.103	  0.98	 -1.66
 2.104	  0.98	 -1.65
 2.105	  0.98	 -1.64
 2.106	  0.98	 -1.63
 2.107	  0.98	 -1.62
 2.108	  0.98	 -1.61
 2.109	  0.97	 -1.60
 2.110	  0.97	 -1.59
 2.111	  0.97	 -1.57
 2.112	  0.97	 -1.56
 2.113	  0.97	 -1.55
 2.114	  0.97	 -1.54
 2.115	  0.97	 -1.53
 2.116	  0.96	 -1.52
 2.117	  0.96	 -1.51
 2.118	  0.96	 -1.49
 2.119	  0.96	 -1.48
 2.120	  0.96	 -1.47
 2.121	  0.96	 -1.46
 2.122	  0.95	 -1.45
 2.123	  0.95	 -1.43
 2.124	  0.95	 -1.42
 2.125	  0.95	 -1.41
 2.126	  0.95	 -1.40
 2.127	  0.95	 -1.39
 2.128	  0.95	 -1.37
 2.129	  0.95	 -1.36
 2.130	  0.94	 -1.35
 2.131	  0.94	 -1.34
 2.132	  0.94	 -1.32
 2.133	  0.94	 -1.31
 2.134	  0.94	 -1.30
 2.135	  0.94	 -1.28
 2.136	  0.94	 -1.27
 2.137	  0.93	 -1.26
 2.138	  0.93	 -1.25
 2.139	  0.93	 -1.23
 2.140	  0.93	 -1.22
 2.141	  0.93	 -1.21
 2.142	  0.93	 -1.19
 2.143	  0.93	 -1.18
 2.144	  0.93	 -1.17
 2.145	  0.92	 -1.15
 2.146	  0.92	 -1.14
 2.147	  0.92	 -1.13
 2.148	  0.92	 -1.11
 2.149	  0.92	 -1.10
 2.150	  0.92	 -1.08
 2.151	  0.92	 -1.07
 2.152	  0.92	 -1.06
 2.153	  0.92	 -1.04
 2.154	  0.91	 -1.03
 2.155	  0.91	 -1.01
 2.156	  0.91	 -1.00
 2.157	  0.91	 -0.99
 2.158	  0.91	 -0.97
 2.159	  0.91	 -0.96
 2.160	  0.91	 -0.94
 2.161	  0.91	 -0.93
 2.162	  0.91	 -0.91
 2.163	  0.91	 -0.90
 2.164	  0.91	 -0.89
 2.165	  0.90	 -0.87
 2.166	  0.90	 -0.86
 2.167	  0.90	 -0.84
 2.168	  0.90	 -0.83
 2.169	  0.90	 -0.81
 2.170	  0.90	 -0.80
 2.171	  0.90	 -0.78
 2.172	  0.90	 -0.77
 2.173	  0.90	 -0.75
 2.174	  0.90	 -0.74
 2.175	  0.90	 -0.72
 2.176	  0.90	 -0.71
 2.177	  0.89	 -0.69
 2.178	  0.89	 -0.68
 2.179	  0.89	 -0.66
 2.180	  0.89	 -0.65
 2.181	  0.89	 -0.63
 2.182	  0.89	 -0.62
 2.183	  0.89	 -0.60
 2.184	  0.89	 -0.59
 2.185	  0.89	 -0.57
 2.186	  0.89	 -0.56
 2.187	  0.89	 -0.54
 2.188	  0.89	 -0.53
 2.189	  0.89	 -0.51
 2.190	  0.89	 -0.49
 2.191	  0.89	 -0.48
 2.192	  0.89	 -0.46
 2.193	  0.89	 -0.45
 2.194	  0.89	 -0.43
 2.195	  0.88	 -0.42
 2.196	  0.88	 -0.40
 2.197	  0.88	 -0.39
 2.198	  0.88	 -0.37
 2.199	  0.88	 -0.35
 2.200	  0.88	 -0.34
 2.201	  0.88	 -0.32
 2.202	  0.88	 -0.31
 2.203	  0.88	 -0.29
 2.204	  0.88	 -0.28
 2.205	  0.88	 -0.26
 2.206	  0.88	 -0.24
 2.207	  0.88	 -0.23
 2.208	  0.88	 -0.21
 2.209	  0.88	 -0.20
 2.210	  0.88	 -0.18
 2.211	  0.88	 -0.17
 2.212	  0.88	 -0.15
 2.213	  0.88	 -0.13
 2.214	  0.88	 -0.12
 2.215	  0.88	 -0.10
 2.216	  0.88	 -0.09
 2.217	  0.88	 -0.07
 2.218	  0.88	 -0.06
 2.219	  0.88	 -0.04
 2.220	  0.88	 -0.02
 2.221	  0.88	 -0.01
 2.222	  0.88	  0.01
 2.223	  0.88	  0.02
 2.224	  0.88	  0.04
 2.225	  0.88	  0.06
 2.226	  0.88	  0.07
 2.227	  0.88	  0.09
 2.228	  0.88	  0.10
 2.229	  0.88	  0.12
 2.230	  0.88	  0.14
 2.231	  0.88	  0.15
 2.232	  0.88	  0.17
 2.233	  0.88	  0.18
 2.234	  0.88	  0.20
 2.235	  0.88	  0.21
 2.236	  0.88	  0.23
 2.237	  0.88	  0.25
 2.238	  0.88	  0.26
 2.239	  0.88	  0.28
 2.240	  0.88	  0.29
 2.241	  0.88	  0.31
 2.242	  0.88	  0.32
 2.243	  0.88	  0.34
 2.244	  0.88	  0.36
 2.245	  0.88	  0.37
 2.246	  0.88	  0.39
 2.247	  0.88	  0.40
 2.248	  0.88	  0.42
 2.249	  0.88	  0.43
 2.250	  0.89	  0.45
 2.251	  0.89	  0.47
 2.252	  0.89	  0.48
 2.253	  0.89	  0.50
 2.254	  0.89	  0.51
 2.255	  0.89	  0.53
 2.256	  0.89	  0.54
 2.257	  0.89	  0.56
 2.258	  0.89	  0.57
 2.259	  0.89	  0.59
 2.260	  0.89	  0.60
 2.261	  0.89	  0.62
 2.262	  0.89	  0.63
 2.263	  0.89	  0.65
 2.264	  0.89	  0.66
 2.265	  0.89	  0.68
 2.266	  0.89	  0.70
 2.267	  0.90	  0.71
 2.268	  0.90	  0.73
 2.269	  0.90	  0.74
 2.270	  0.90	  0.76
 2.271	  0.90	  0.77
 2.272	  0.90	  0.79
 2.273	  0.90	  0.80
 2.274	  0.90	  0.81
 2.275	  0.90	  0.83
 2.276	  0.90	  0.84
 2.277	  0.90	  0.86
 2.278	  0.90	  0.87
 2.279	  0.90	  0.89
 2.280	  0.91	  0.90
 2.281	  0.91	  0.92
 2.282	  0.91	  0.93
 2.283	  0.91	  0.95
 2.284	  0.91	  0.96
 2.285	  0.91	  0.98
 2.286	  0.91	  0.99
 2.287	  0.91	  1.00
 2.288	  0.91	  1.02
 2.289	  0.91	  1.03
 2.290	  0.92	  1.05
 2.291	  0.92	  1.06
 2.292	  0.92	  1.07
 2.293	  0.92	  1.09
 2.294	  0.92	  1.10
 2.295	  0.92	  1.12
 2.296	  0.92	  1.13
 2.297	  0.92	  1.14
 2.298	  0.92	  1.16
 2.299	  0.93	  1.17
 2.300	  0.93	  1.18
 2.301	  0.93	  1.20
 2.302	  0.93	  1.21
 2.303	  0.93	  1.22
 2.304	  0.93	  1.24
 2.305	  0.93	  1.25
 2.306	  0.93	  1.26
 2.307	  0.93	  1.28
 2.308	  0.94	  1.29
 2.309	  0.94	  1.30
 2.310	  0.94	  1.32
 2.311	  0.94	  1.33
 2.312	  0.94	  1.34
 2.313	  0.94	  1.36
 2.314	  0.94	  1.37
 2.315	  0.95	  1.38
 2.316	  0.95	  1.39
 2.317	  0.95	  1.41
 2.318	  0.95	  1.42
 2.319	  0.95	  1.43
 2.320	  0.95	  1.44
 2.321	  0.95	  1.45
 2.322	  0.96	  1.47
 2.323	  0.96	  1.48
 2.324	  0.96	  1.49
 2.325	  0.96	  1.50
 2.326	  0.96	  1.51
 2.327	  0.96	  1.53
 2.328	  0.96	  1.54
 2.329	  0.97	  1.55
 2.330	  0.97	  1.56
 2.331	  0.97	  1.57
 2.332	  0.97	  1.58
 2.333	  0.97	  1.60
 2.334	  0.97	  1.61
 2.335	  0.98	  1.62
 2.336	  0.98	  1.63
 2.337	  0.98	  1.64
 2.338	  0.98	  1.65
 2.339	  0.98	  1.66
 2.340	  0.98	  1.67
 2.341	  0.99	  1.68
 2.342	  0.99	  1.69
 2.343	  0.99	  1.70
 2.344	  0.99	  1.71
 2.345	  0.99	  1.72
 2.346	  0.99	  1.73
 2.347	  1.00	  1.74
 2.348	  1.00	  1.75
 2.349	  1.00	  1.76
 2.350	  1.00	  1.77
 2.351	  1.00	  1.78
 2.352	  1.00	  1.79
 2.353	  1.01	  1.80
 2.354	  1.01	  1.81
 2.355	  1.01	  1.82
 2.356	  1.01	  1.83
 2.357	  1.01	  1.84
 2.358	  1.02	  1.85
 2.359	  1.02	  1.86
 2.360	  1.02	  1.87
 2.361	  1.02	  1.88
 2.362	  1.02	  1.89
 2.363	  1.02	  1.89
 2.364	  1.03	  1.90
 2.365	  1.03	  1.91
 2.366	  1.03	  1.92
 2.367	  1.03	  1.93
 2.368	  1.03	  1.94
 2.369	  1.04	  1.94
 2.370	  1.04	  1.95
 2.371	  1.04	  1.96
 2.372	  1.04	  1.97
 2.373	  1.04	  1.98
 2.374	  1.05	  1.98
 2.375	  1.05	  1.99
 2.376	  1.05	  2.00
 2.377	  1.05	  2.01
 2.378	  1.05	  2.01
 2.379	  1.06	  2.02
 2.380	  1.06	  2.03
 2.381	  1.06	  2.03
 2.382	  1.06	  2.04
 2.383	  1.06	  2.05
 2.384	  1.07	  2.05
 2.385	  1.07	  2.06
 2.386	  1.07	  2.07
 2.387	  1.07	  2.07
 2.388	  1.07	  2.08
 2.389	  1.08	  2.09
 2.390	  1.08	  2.09
 2.391	  1.08	  2.10
 2.392	  1.08	  2.10
 2.393	  1.08	  2.11
 2.394	  1.09	  2.11
 2.395	  1.09	  2.12
 2.396	  1.09	  2.13
 2.397	  1.09	  2.13
 2.398	  1.10	  2.14
 2.399	  1.10	  2.14
 2.400	  1.10	  2.15
 2.401	  1.10	  2.15
 2.402	  1.10	  2.16
 2.403	  1.11	  2.16
 2.404	  1.11	  2.16
 2.405	  1.11	  2.17
 2.406	  1.11	  2.17
 2.407	  1.11	  2.18
 2.408	  1.12	  2.18
 2.409	  1.12	  2.19
 2.410	  1.12	  2.19
 2.411	  1.12	  2.19
 2.412	  1.13	  2.20
 2.413	  1.13	  2.20
 2.414	  1.13	  2.20
 2.415	  1.13	  2.21
 2.416	  1.13	  2.21
 2.417	  1.14	  2.21
 2.418	  1.14	  2.22
 2.419	  1.14	  2.22
 2.420	  1.14	  2.22
 2.421	  1.15	  2.22
 2.422	  1.15	  2.23
 2.423	  1.15	  2.23
 2.424	  1.15	  2.23
 2.425	  1.15	  2.23
 2.426	  1.16	  2.24
 2.427	  1.16	  2.24
 2.428	  1.16	  2.24
 2.429	  1.16	  2.24
 2.430	  1.17	  2.24
 2.431	  1.17	  2.25
 2.432	  1.17	  2.25
 2.433	  1.17	  2.25
 2.434	  1.17	  2.25
 2.435	  1.18	  2.25
 2.436	  1.18	  2.25
 2.437	  1.18	  2.25
 2.438	  1.18	  2.25
 2.439	  1.19	  2.25
 2.440	  1.19	  2.25
 2.441	  1.19	  2.25
 2.442	  1.19	  2.25
 2.443	  1.19	  2.25
 2.444	  1.20	  2.25
 2.445	  1.20	  2.25
 2.446	  1.20	  2.25
 2.447	  1.20	  2.25
 2.448	  1.21	  2.25
 2.449	  1.21	  2.25
 2.450	  1.21	  2.25
 2.451	  1.21	  2.25
 2.452	  1.22	  2.25
 2.453	  1.22	  2.25
 2.454	  1.22	  2.25
 2.455	  1.22	  2.25
 2.456	  1.22	  2.25
 2.457	  1.23	  2.25
 2.458	  1.23	  2.24
 2.459	  1.23	  2.24
 2.460	  1.23	  2.24
 2.461	  1.24	  2.24
 2.462	  1.24	  2.24
 2.463	  1.24	  2.23
 2.464	  1.24	  2.23
 2.465	  1.24	  2.23
 2.466	  1.25	  2.23
 2.467	  1.25	  2.23
 2.468	  1.25	  2.22
 2.469	  1.25	  2.22
 2.470	  1.26	  2.22
 2.471	  1.26	  2.21
 2.472	  1.26	  2.21
 2.473	  1.26	  2.21
 2.474	  1.26	  2.20
 2.475	  1.27	  2.20
 2.476	  1.27	  2.20
 2.477	  1.27	  2.19
 2.478	  1.27	  2.19
 2.479	  1.28	  2.19
 2.480	  1.28	  2.18
 2.481	  1.28	  2.18
 2.482	  1.28	  2.17
 2.483	  1.28	  2.17
 2.484	  1.29	  2.17
 2.485	  1.29	  2.16
 2.486	  1.29	  2.16
 2.487	  1.29	  2.15
 2.488	  1.29	  2.15
 2.489	  1.30	  2.14
 2.490	  1.30	  2.14
 2.491	  1.30	  2.13
 2.492	  1.30	  2.13
 2.493	  1.31	  2.12
 2.494	  1.31	  2.12
 2.495	  1.31	  2.11
 2.496	  1.31	  2.10
 2.497	  1.31	  2.10
 2.498	  1.32	  2.09
 2.499	  1.32	  2.09
 2.500	  1.32	  2.08
 2.501	  1.32	  2.07
 2.502	  1.32	  2.07
 2.503	  1.33	  2.06
 2.504	  1.33	  2.06
 2.505	  1.33	  2.05
 2.506	  1.33	  2.04
 2.507	  1.33	  2.04
 2.508	  1.34	  2.03
 2.509	  1.34	  2.02
 2.510	  1.34	  2.01
 2.511	  1.34	  2.01
 2.512	  1.34	  2.00
 2.513	  1.35	  1.99
 2.514	  1.35	  1.98
 2.515	  1.35	  1.98
 2.516	  1.35	  1.97
 2.517	  1.35	  1.96
 2.518	  1.36	  1.95
 2.519	  1.36	  1.95
 2.520	  1.36	  1.94
 2.521	  1.36	  1.93
 2.522	  1.36	  1.92
 2.523	  1.37	  1.91
 2.524	  1.37	  1.90
 2.525	  1.37	  1.90
 2.526	  1.37	  1.89
 2.527	  1.37	  1.88
 2.528	  1.38	  1.87
 2.529	  1.38	  1.86
 2.530	  1.38	  1.85
 2.531	  1.38	  1.84
 2.532	  1.38	  1.83
 2.533	  1.39	  1.82
 2.534	  1.39	  1.81
 2.535	  1.39	  1.80
 2.536	  1.39	  1.79
 2.537	  1.39	  1.79
 2.538	  1.39	  1.78
 2.539	  1.40	  1.77
 2.540	  1.40	  1.76
 2.541	  1.40	  1.75
 2.542	  1.40	  1.74
 2.543	  1.40	  1.73
 2.544	  1.40	  1.71
 2.545	  1.41	  1.70
 2.546	  1.41	  1.69
 2.547	  1.41	  1.68
 2.548	  1.41	  1.67
 2.549	  1.41	  1.66
 2.550	  1.41	  1.65
 2.551	  1.42	  1.64
 2.552	  1.42	  1.63
 2.553	  1.42	  1.62
 2.554	  1.42	  1.61
 2.555	  1.42	  1.60
 2.556	  1.42	  1.58
 2.557	  1.43	  1.57
 2.558	  1.43	  1.56
 2.559	  1.43	  1.55
 2.560	  1.43	  1.54
 2.561	  1.43	  1.53
 2.562	  1.43	  1.51
 2.563	  1.44	  1.50
 2.564	  1.44	  1.49
 2.565	  1.44	  1.48
 2.566	  1.44	  1.47
 2.567	  1.44	  1.45
 2.568	  1.44	  1.44
 2.569	  1.44	  1.43
 2.570	  1.45	  1.42
 2.571	  1.45	  1.41
 2.572	  1.45	  1.39
 2.573	  1.45	  1.38
 2.574	  1.45	  1.37
 2.575	  1.45	  1.35
 2.576	  1.45	  1.34
 2.577	  1.46	  1.33
 2.578	  1.46	  1.32
 2.579	  1.46	  1.30
 2.580	  1.46	  1.29
 2.581	  1.46	  1.28
 2.582	  1.46	  1.26
 2.583	  1.46	  1.25
 2.584	  1.46	  1.24
 2.585	  1.47	  1.22
 2.586	  1.47	  1.21
 2.587	  1.47	  1.20
 2.588	  1.47	  1.18
 2.589	  1.47	  1.17
 2.590	  1.47	  1.16
 2.591	  1.47	  1.14
 2.592	  1.47	  1.13
 2.593	  1.47	  1.11
 2.594	  1.48	  1.10
 2.595	  1.48	  1.09
 2.596	  1.48	  1.07
 2.597	  1.48	  1.06
 2.598	  1.48	  1.04
 2.599	  1.48	  1.03
 2.600	  1.48	  1.02
 2.601	  1.48	  1.00
 2.602	  1.48	  0.99
 2.603	  1.49	  0.97
 2.604	  1.49	  0.96
 2.605	  1.49	  0.94
 2.606	  1.49	  0.93
 2.607	  1.49	  0.91
 2.608	  1.49	  0.90
 2.609	  1.49	  0.88
 2.610	  1.49	  0.87
 2.611	  1.49	  0.86
 2.612	  1.49	  0.84
 2.613	  1.49	  0.83
 2.614	  1.50	  0.81
 2.615	  1.50	  0.80
 2.616	  1.50	  0.78
 2.617	  1.50	  0.77
 2.618	  1.50	  0.75
 2.619	  1.50	  0.74
 2.620	  1.50	  0.72
 2.621	  1.50	  0.71
 2.622	  1.50	  0.69
 2.623	  1.50	  0.67
 2.624	  1.50	  0.66
 2.625	  1.50	  0.64
 2.626	  1.50	  0.63
 2.627	  1.50	  0.61
 2.628	  1.51	  0.60
 2.629	  1.51	  0.58
 2.630	  1.51	  0.57
 2.631	  1.51	  0.55
 2.632	  1.51	  0.54
 2.633	  1.51	  0.52
 2.634	  1.51	  0.50
 2.635	  1.51	  0.49
 2.636	  1.51	  0.47
 2.637	  1.51	  0.46
 2.638	  1.51	  0.44
 2.639	  1.51	  0.43
 2.640	  1.51	  0.41
 2.641	  1.51	  0.39
 2.642	  1.51	  0.38
 2.643	  1.51	  0.36
 2.644	  1.51	  0.35
 2.645	  1.51	  0.33
 2.646	  1.51	  0.32
 2.647	  1.51	  0.30
 2.648	  1.51	  0.28
 2.649	  1.51	  0.27
 2.650	  1.51	  0.25
 2.651	  1.52	  0.24
 2.652	  1.52	  0.22
 2.653	  1.52	  0.20
 2.654	  1.52	  0.19
 2.655	  1.52	  0.17
 2.656	  1.52	  0.16
 2.657	  1.52	  0.14
 2.658	  1.52	  0.12
 2.659	  1.52	  0.11
 2.660	  1.52	  0.09
 2.661	  1.52	  0.08
 2.662	  1.52	  0.06
 2.663	  1.52	  0.04
 2.664	  1.52	  0.03
 2.665	  1.52	  0.01
 2.666	  1.52	 -0.00
 2.667	  1.52	 -0.02
 2.668	  1.52	 -0.04
 2.669	  1.52	 -0.05
 2.670	  1.52	 -0.07
 2.671	  1.52	 -0.08
 2.672	  1.52	 -0.10
 2.673	  1.52	 -0.12
 2.674	  1.52	 -0.13
 2.675	  1.52	 -0.15
 2.676	  1.52	 -0.16
 2.677	  1.52	 -0.18
 2.678	  1.52	 -0.20
 2.679	  1.52	 -0.21
 2.680	  1.52	 -0.23
 2.681	  1.52	 -0.24
 2.682	  1.51	 -0.26
 2.683	  1.51	 -0.28
 2.684	  1.51	 -0.29
 2.685	  1.51	 -0.31
 2.686	  1.51	 -0.32
 2.687	  1.51	 -0.34
 2.688	  1.51	 -0.36
 2.689	  1.51	 -0.37
 2.690	  1.51	 -0.39
 2.691	  1.51	 -0.40
 2.692	  1.51	 -0.42
 2.693	  1.51	 -0.43
 2.694	  1.51	 -0.45
 2.695	  1.51	 -0.47
 2.696	  1.51	 -0.48
 2.697	  1.51	 -0.50
 2.698	  1.51	 -0.51
 2.699	  1.51	 -0.53
 2.700	  1.51	 -0.54
 2.701	  1.51	 -0.56
 2.702	  1.51	 -0.58
 2.703	  1.51	 -0.59
 2.704	  1.51	 -0.61
 2.705	  1.50	 -0.62
 2.706	  1.50	 -0.64
 2.707	  1.50	 -0.65
 2.708	  1.50	 -0.67
 2.709	  1.50	 -0.68
 2.710	  1.50	 -0.70
 2.711	  1.50	 -0.71
 2.712	  1.50	 -0.73
 2.713	  1.50	 -0.74
 2.714	  1.50	 -0.76
 2.715	  1.50	 -0.77
 2.716	  1.50	 -0.79
 2.717	  1.50	 -0.80
 2.718	  1.50	 -0.82
 2.719	  1.49	 -0.83
 2.720	  1.49	 -0.85
 2.721	  1.49	 -0.86
 2.722	  1.49	 -0.88
 2.723	  1.49	 -0.89
 2.724	  1.49	 -0.91
 2.725	  1.49	 -0.92
 2.726	  1.49	 -0.94
 2.727	  1.49	 -0.95
 2.728	  1.49	 -0.97
 2.729	  1.49	 -0.98
 2.730	  1.48	 -1.00
 2.731	  1.48	 -1.01
 2.732	  1.48	 -1.03
 2.733	  1.48	 -1.04
 2.734	  1.48	 -1.05
 2.735	  1.48	 -1.07
 2.736	  1.48	 -1.08
 2.737	  1.48	 -1.10
 2.738	  1.48	 -1.11
 2.739	  1.48	 -1.12
 2.740	  1.47	 -1.14
 2.741	  1.47	 -1.15
 2.742	  1.47	 -1.17
 2.743	  1.47	 -1.18
 2.744	  1.47	 -1.19
 2.745	  1.47	 -1.21
 2.746	  1.47	 -1.22
 2.747	  1.47	 -1.23
 2.748	  1.46	 -1.25
 2.749	  1.46	 -1.26
 2.750	  1.46	 -1.27
 2.751	  1.46	 -1.29
 2.752	  1.46	 -1.30
 2.753	  1.46	 -1.31
 2.754	  1.46	 -1.33
 2.755	  1.46	 -1.34
 2.756	  1.45	 -1.35
 2.757	  1.45	 -1.37
 2.758	  1.45	 -1.38
 2.759	  1.45	 -1.39
 2.760	  1.45	 -1.40
 2.761	  1.45	 -1.42
 2.762	  1.45	 -1.43
 2.763	  1.44	 -1.44
 2.764	  1.44	 -1.45
 2.765	  1.44	 -1.47
 2.766	  1.44	 -1.48
 2.767	  1.44	 -1.49
 2.768	  1.44	 -1.50
 2.769	  1.44	 -1.52
 2.770	  1.43	 -1.53
 2.771	  1.43	 -1.54
 2.772	  1.43	 -1.55
 2.773	  1.43	 -1.56
 2.774	  1.43	 -1.58
 2.775	  1.43	 -1.59
 2.776	  1.42	 -1.60
 2.777	  1.42	 -1.61
 2.778	  1.42	 -1.62
 2.779	  1.42	 -1.63
 2.780	  1.42	 -1.64
 2.781	  1.42	 -1.65
 2.782	  1.42	 -1.67
 2.783	  1.41	 -1.68
 2.784	  1.41	 -1.69
 2.785	  1.41	 -1.70
 2.786	  1.41	 -1.71
 2.787	  1.41	 -1.72
 2.788	  1.41	 -1.73
 2.789	  1.40	 -1.74
 2.790	  1.40	 -1.75
 2.791	  1.40	 -1.76
 2.792	  1.40	 -1.77
 2.793	  1.40	 -1.78
 2.794	  1.39	 -1.79
 2.795	  1.39	 -1.80
 2.796	  1.39	 -1.81
 2.797	  1.39	 -1.82
 2.798	  1.39	 -1.83
 2.799	  1.39	 -1.84
 2.800	  1.38	 -1.85
 2.801	  1.38	 -1.86
 2.802	  1.38	 -1.87
 2.803	  1.38	 -1.88
 2.804	  1.38	 -1.89
 2.805	  1.37	 -1.90
 2.806	  1.37	 -1.90
 2.807	  1.37	 -1.91
 2.808	  1.37	 -1.92
 2.809	  1.37	 -1.93
 2.810	  1.36	 -1.94
 2.811	  1.36	 -1.95
 2.812	  1.36	 -1.96
 2.813	  1.36	 -1.96
 2.814	  1.36	 -1.97
 2.815	  1.35	 -1.98
 2.816	  1.35	 -1.99
 2.817	  1.35	 -2.00
 2.818	  1.35	 -2.00
 2.819	  1.35	 -2.01
 2.820	  1.34	 -2.02
 2.821	  1.34	 -2.03
 2.822	  1.34	 -2.03
 2.823	  1.34	 -2.04
 2.824	  1.34	 -2.05
 2.825	  1.33	 -2.05
 2.826	  1.33	 -2.06
 2.827	  1.33	 -2.07
 2.828	  1.33	 -2.08
 2.829	  1.33	 -2.08
 2.830	  1.32	 -2.09
 2.831	  1.32	 -2.09
 2.832	  1.32	 -2.10
 2.833	  1.32	 -2.11
 2.834	  1.32	 -2.11
 2.835	  1.31	 -2.12
 2.836	  1.31	 -2.13
 2.837	  1.31	 -2.13
 2.838	  1.31	 -2.14
 2.839	  1.31	 -2.14
 2.840	  1.30	 -2.15
 2.841	  1.30	 -2.15
 2.842	  1.30	 -2.16
 2.843	  1.30	 -2.16
 2.844	  1.29	 -2.17
 2.845	  1.29	 -2.17
 2.846	  1.29	 -2.18
 2.847	  1.29	 -2.18
 2.848	  1.29	 -2.19
 2.849	  1.28	 -2.19
 2.850	  1.28	 -2.20
 2.851	  1.28	 -2.20
 2.852	  1.28	 -2.20
 2.853	  1.27	 -2.21
 2.854	  1.27	 -2.21
 2.855	  1.27	 -2.22
 2.856	  1.27	 -2.22
 2.857	  1.27	 -2.22
 2.858	  1.26	 -2.23
 2.859	  1.26	 -2.23
 2.860	  1.26	 -2.23
 2.861	  1.26	 -2.24
 2.862	  1.25	 -2.24
 2.863	  1.25	 -2.24
 2.864	  1.25	 -2.25
 2.865	  1.25	 -2.25
 2.866	  1.25	 -2.25
 2.867	  1.24	 -2.25
 2.868	  1.24	 -2.26
 2.869	  1.24	 -2.26
 2.870	  1.24	 -2.26
 2.871	  1.23	 -2.26
 2.872	  1.23	 -2.26
 2.873	  1.23	 -2.27
 2.874	  1.23	 -2.27
 2.875	  1.23	 -2.27
 2.876	  1.22	 -2.27
 2.877	  1.22	 -2.27
 2.878	  1.22	 -2.27
 2.879	  1.22	 -2.28
 2.880	  1.21	 -2.28
 2.881	  1.21	 -2.28
 2.882	  1.21	 -2.28
 2.883	  1.21	 -2.28
 2.884	  1.21	 -2.28
 2.885	  1.20	 -2.28
 2.886	  1.20	 -2.28
 2.887	  1.20	 -2.28
 2.888	  1.20	 -2.28
 2.889	  1.19	 -2.28
 2.890	  1.19	 -2.28
 2.891	  1.19	 -2.28
 2.892	  1.19	 -2.28
 2.893	  1.18	 -2.28
 2.894	  1.18	 -2.28
 2.895	  1.18	 -2.28
 2.896	  1.18	 -2.28
 2.897	  1.18	 -2.28
 2.898	  1.17	 -2.27
 2.899	  1.17	 -2.27
 2.900	  1.17	 -2.27
 2.901	  1.17	 -2.27
 2.902	  1.16	 -2.27
 2.903	  1.16	 -2.27
 2.904	  1.16	 -2.27
 2.905	  1.16	 -2.26
 2.906	  1.16	 -2.26
 2.907	  1.15	 -2.26
 2.908	  1.15	 -2.26
 2.909	  1.15	 -2.26
 2.910	  1.15	 -2.25
 2.911	  1.14	 -2.25
 2.912	  1.14	 -2.25
 2.913	  1.14	 -2.25
 2.914	  1.14	 -2.24
 2.915	  1.13	 -2.24
 2.916	  1.13	 -2.24
 2.917	  1.13	 -2.23
 2.918	  1.13	 -2.23
 2.919	  1.13	 -2.23
 2.920	  1.12	 -2.22
 2.921	  1.12	 -2.22
 2.922	  1.12	 -2.22
 2.923	  1.12	 -2.21
 2.924	  1.11	 -2.21
 2.925	  1.11	 -2.20
 2.926	  1.11	 -2.20
 2.927	  1.11	 -2.20
 2.928	  1.11	 -2.19
 2.929	  1.10	 -2.19
 2.930	  1.10	 -2.18
 2.931	  1.10	 -2.18
 2.932	  1.10	 -2.17
 2.933	  1.10	 -2.17
 2.934	  1.09	 -2.16
 2.935	  1.09	 -2.16
 2.936	  1.09	 -2.15
 2.937	  1.09	 -2.15
 2.938	  1.08	 -2.14
 2.939	  1.08	 -2.14
 2.940	  1.08	 -2.13
 2.941	  1.08	 -2.12
 2.942	  1.08	 -2.12
 2.943	  1.07	 -2.11
 2.944	  1.07	 -2.11
 2.945	  1.07	 -2.10
 2.946	  1.07	 -2.09
 2.947	  1.07	 -2.09
 2.948	  1.06	 -2.08
 2.949	  1.06	 -2.07
 2.950	  1.06	 -2.07
 2.951	  1.06	 -2.06
 2.952	  1.05	 -2.05
 2.953	  1.05	 -2.05
 2.954	  1.05	 -2.04
 2.955	  1.05	 -2.03
 2.956	  1.05	 -2.02
 2.957	  1.04	 -2.02
 2.958	  1.04	 -2.01
 2.959	  1.04	 -2.00
 2.960	  1.04	 -1.99
 2.961	  1.04	 -1.99
 2.962	  1.03	 -1.98
 2.963	  1.03	 -1.97
 2.964	  1.03	 -1.96
 2.965	  1.03	 -1.95
 2.966	  1.03	 -1.95
 2.967	  1.02	 -1.94
 2.968	  1.02	 -1.93
 2.969	  1.02	 -1.92
 2.970	  1.02	 -1.91
 2.971	  1.02	 -1.90
 2.972	  1.02	 -1.89
 2.973	  1.01	 -1.88
 2.974	  1.01	 -1.87
 2.975	  1.01	 -1.87
 2.976	  1.01	 -1.86
 2.977	  1.01	 -1.85
 2.978	  1.00	 -1.84
 2.979	  1.00	 -1.83
 2.980	  1.00	 -1.82
 2.981	  1.00	 -1.81
 2.982	  1.00	 -1.80
 2.983	  0.99	 -1.79
 2.984	  0.99	 -1.78
 2.985	  0.99	 -1.77
 2.986	  0.99	 -1.76
 2.987	  0.99	 -1.75
 2.988	  0.99	 -1.74
 2.989	  0.98	 -1.73
 2.990	  0.98	 -1.72
 2.991	  0.98	 -1.71
 2.992	  0.98	 -1.69
 2.993	  0.98	 -1.68
 2.994	  0.98	 -1.67
 2.995	  0.97	 -1.66
 2.996	  0.97	 -1.65
 2.997	  0.97	 -1.64
 2.998	  0.97	 -1.63
 2.999	  0.97	 -1.62
 3.000	  0.97	 -1.61
